       0.00326779       0.00326779       0.00326779       0.00326779       0.00326779       0.00326779       0.00326779       0.00326779       0.00326779       0.00326779       0.00326779       0.00326779       0.00326779       0.00326779       0.00326779       0.00326779       0.00326779       0.00326779       0.00326779       0.00326779
       0.00326779       0.00326779       0.00326779       0.00326779       0.00326779       0.00326779       0.00326779       0.00326779       0.00326779       0.00326779       0.00326779       0.00326779       0.00326779       0.00326779       0.00326779       0.00326779       0.00326779       0.00326779       0.00326779       0.00326779
       0.00326779       0.00326779       0.00326779       0.00326779       0.00326779       0.00326779       0.00326779       0.00326779       0.00326779       0.00326779       0.00326779       0.00326779       0.00326779       0.00326779       0.00326779       0.00326779       0.00326779       0.00326779       0.00326779       0.00326779
       0.00326779       0.00326779       0.00326779       0.00326779       0.00326779       0.00326779       0.00326779       0.00326779       0.00326779       0.00326779       0.00326779       0.00326779       0.00326779       0.00326779       0.00326779       0.00326779       0.00326779       0.00326779       0.00326779       0.00326779
       0.00326779       0.00326779       0.00326779       0.00326779       0.00326779       0.00326779       0.00326779       0.00326779       0.00326779       0.00326779       0.00326779       0.00326779       0.00326779       0.00326779       0.00326779       0.00326779       0.00326779       0.00326779       0.00326779       0.00326779
       0.00326779       0.00326779       0.00326779       0.00326779       0.00326779       0.00326779       0.00326779       0.00326779       0.00326779       0.00326779       0.00326779       0.00326779       0.00326779       0.00326779       0.00326779       0.00326779       0.00326779       0.00326779       0.00326779       0.00326779
       0.00326779       0.00326779       0.00326779       0.00326779       0.00326779       0.00326779       0.00326779       0.00326779       0.00326779       0.00326779       0.00326779       0.00326779       0.00326779       0.00326779       0.00326779       0.00326779       0.00326779       0.00326779       0.00326779       0.00326779
       0.00326779       0.00326779       0.00326779       0.00326779       0.00326779       0.00326779       0.00326779       0.00326779       0.00326779       0.00326779       0.00326779       0.00326779       0.00326779       0.00326779       0.00326779       0.00326779       0.00326779       0.00326779       0.00326779       0.00326779
       0.00326779       0.00326779       0.00326779       0.00326779       0.00326779       0.00326779       0.00326779       0.00326779       0.00326779       0.00326779       0.00326779       0.00326779       0.00326779       0.00326779       0.00326779       0.00326779       0.00326779       0.00326779       0.00326779       0.00326779
       0.00326779       0.00326779       0.00326779       0.00326779       0.00326779       0.00326779       0.00326779       0.00326779       0.00326779       0.00326779       0.00326779       0.00326779       0.00326779       0.00326779       0.00326779       0.00326779       0.00326779       0.00326779       0.00326779       0.00326779
       0.00326779       0.00326779       0.00326779       0.00326779       0.00326779       0.00326779       0.00326779       0.00326779       0.00326779       0.00326779       0.00326779       0.00326779       0.00326779       0.00326779       0.00326779       0.00326779       0.00326779       0.00326779       0.00326779       0.00326779
       0.00326779       0.00326779       0.00326779       0.00326779       0.00326779       0.00326779       0.00326779       0.00326779       0.00326779       0.00326779       0.00326779       0.00326779       0.00326779       0.00326779       0.00326779       0.00326779       0.00326779       0.00326779       0.00326779       0.00326779
       0.00326779       0.00326779       0.00326779       0.00326779       0.00326779       0.00326779       0.00326779       0.00326779       0.00326779       0.00326779       0.00326779       0.00326779       0.00326779       0.00326779       0.00326779       0.00326779       0.00326779       0.00326779       0.00326779       0.00326779
       0.00326779       0.00326779       0.00326779       0.00326779       0.00326779       0.00326779       0.00326779       0.00326779       0.00326779       0.00326779       0.00326779       0.00326779       0.00326779       0.00326779       0.00326779       0.00326779       0.00326779       0.00326779       0.00326779       0.00326779
       0.00326779       0.00326779       0.00326779       0.00326779       0.00326779       0.00326779       0.00326779       0.00326779       0.00326779       0.00326779       0.00326779       0.00326779       0.00326779       0.00326779       0.00326779       0.00326779       0.00326779       0.00326779       0.00326779       0.00326779
       0.00326779       0.00326779       0.00326779       0.00326779       0.00326779       0.00326779       0.00326779       0.00326779       0.00326779       0.00326779       0.00326779       0.00326779       0.00326779       0.00326779       0.00326779       0.00326779       0.00326779       0.00326779       0.00326779       0.00326779
       0.00326779       0.00326779       0.00326779       0.00326779       0.00326779       0.00326779       0.00326779       0.00326779       0.00326779       0.00326779       0.00326779       0.00326779       0.00326779       0.00326779       0.00326779       0.00326779       0.00326779       0.00326779       0.00326779       0.00326779
       0.00326779       0.00326779       0.00326779       0.00326779       0.00326779       0.00326779       0.00326779       0.00326779       0.00326779       0.00326779       0.00326779       0.00326779       0.00326779       0.00326779       0.00326779       0.00326779       0.00326779       0.00326779       0.00326779       0.00326779
       0.00326779       0.00326779       0.00326779       0.00326779       0.00326779       0.00326779       0.00326779       0.00326779       0.00326779       0.00326779       0.00326779       0.00326779       0.00326779       0.00326779       0.00326779       0.00326779       0.00326779       0.00326779       0.00326779       0.00326779
       0.00326779       0.00326779       0.00326779       0.00326779       0.00326779       0.00326779       0.00326779       0.00326779       0.00326779       0.00326779       0.00326779       0.00326779       0.00326779       0.00326779       0.00326779       0.00326779       0.00326779       0.00326779       0.00326779       0.00326779
       0.00326779       0.00326779       0.00326779       0.00326779       0.00326779       0.00326779       0.00326779       0.00326779       0.00326779       0.00326779       0.00326779       0.00326779       0.00326779       0.00326779       0.00326779       0.00326779       0.00326779       0.00326779       0.00326779       0.00326779
       0.00326779       0.00326779       0.00326779       0.00326779       0.00326779       0.00326779       0.00326779       0.00326779       0.00326779       0.00326779       0.00326779       0.00326779       0.00326779       0.00326779       0.00326779       0.00326779       0.00326779       0.00326779       0.00326779       0.00326779
       0.00326779       0.00326779       0.00326779       0.00326779       0.00326779       0.00326779       0.00326779       0.00326779       0.00326779       0.00326779       0.00326779       0.00326779       0.00326779       0.00326779       0.00326779       0.00326779       0.00326779       0.00326779       0.00326779       0.00326779
       0.00326779       0.00326779       0.00326779       0.00326779       0.00326779       0.00326779       0.00326779       0.00326779       0.00326779       0.00326779       0.00326779       0.00326779       0.00326779       0.00326779       0.00326779       0.00326779       0.00326779       0.00326779       0.00326779       0.00326779
       0.00326779       0.00326779       0.00326779       0.00326779       0.00326779       0.00326779       0.00326779       0.00326779       0.00326779       0.00326779       0.00326779       0.00326779       0.00326779       0.00326779       0.00326779       0.00326779       0.00326779       0.00326779       0.00326779       0.00326779
       0.00326779       0.00326779       0.00326779       0.00326779       0.00326779       0.00326779       0.00326779       0.00326779       0.00326779       0.00326779       0.00326779       0.00326779       0.00326779       0.00326779       0.00326779       0.00326779       0.00326779       0.00326779       0.00326779       0.00326779
       0.00326779       0.00326779       0.00326779       0.00326779       0.00326779       0.00326779       0.00326779       0.00326779       0.00326779       0.00326779       0.00326779       0.00326779       0.00326779       0.00326779       0.00326779       0.00326779       0.00326779       0.00326779       0.00326779       0.00326779
       0.00326779       0.00326779       0.00326779       0.00326779       0.00326779       0.00326779       0.00326779       0.00326779       0.00326779       0.00326779       0.00326779       0.00326779       0.00326779       0.00326779       0.00326779       0.00326779       0.00326779       0.00326779       0.00326779       0.00326779
       0.00326779       0.00326779       0.00326779       0.00326779       0.00326779       0.00326779       0.00326779       0.00326779       0.00326779       0.00326779       0.00326779       0.00326779       0.00326779       0.00326779       0.00326779       0.00326779       0.00326779       0.00326779       0.00326779       0.00326779
       0.00326779       0.00326779       0.00326779       0.00326779       0.00326779       0.00326779       0.00326779       0.00326779       0.00326779       0.00326779       0.00326779       0.00326779       0.00326779       0.00326779       0.00326779       0.00326779       0.00326779       0.00326779       0.00326779       0.00326779
       0.00326779       0.00326779       0.00326779       0.00326779       0.00326779       0.00326779       0.00326779       0.00326779       0.00326779       0.00326779       0.00326779       0.00326779       0.00326779       0.00326779       0.00326779       0.00326779       0.00326779       0.00326779       0.00326779       0.00326779
       0.00326779       0.00326779       0.00326779       0.00326779       0.00326779       0.00326779       0.00326779       0.00326779       0.00326779       0.00326779       0.00326779       0.00326779       0.00326779       0.00326779       0.00326779       0.00326779       0.00326779       0.00326779       0.00326779       0.00326779
       0.00326779       0.00326779       0.00326779       0.00326779       0.00326779       0.00326779       0.00326779       0.00326779       0.00326779       0.00326779       0.00326779       0.00326779       0.00326779       0.00326779       0.00326779       0.00326779       0.00326779       0.00326779       0.00326779       0.00326779
       0.00326779       0.00326779       0.00326779       0.00326779       0.00326779       0.00326779       0.00326779       0.00326779       0.00326779       0.00326779       0.00326779       0.00326779       0.00326779       0.00326779       0.00326779       0.00326779       0.00326779       0.00326779       0.00326779       0.00326779
       0.00326779       0.00326779       0.00326779       0.00326779       0.00326779       0.00326779       0.00326779       0.00326779       0.00326779       0.00326779       0.00326779       0.00326779       0.00326779       0.00326779       0.00326779       0.00326779       0.00326779       0.00326779       0.00326779       0.00326779
       0.00326779       0.00326779       0.00326779       0.00326779       0.00326779       0.00326779       0.00326779       0.00326779       0.00326779       0.00326779       0.00326779       0.00326779       0.00326779       0.00326779       0.00326779       0.00326779       0.00326779       0.00326779       0.00326779       0.00326779
       0.00326779       0.00326779       0.00326779       0.00326779       0.00326779       0.00326779       0.00326779       0.00326779       0.00326779       0.00326779       0.00326779       0.00326779       0.00326779       0.00326779       0.00326779       0.00326779       0.00326779       0.00326779       0.00326779       0.00326779
       0.00326779       0.00326779       0.00326779       0.00326779       0.00326779       0.00326779       0.00326779       0.00326779       0.00326779       0.00326779       0.00326779       0.00326779       0.00326779       0.00326779       0.00326779       0.00326779       0.00326779       0.00326779       0.00326779       0.00326779
       0.00326779       0.00326779       0.00326779       0.00326779       0.00326779       0.00326779       0.00326779       0.00326779       0.00326779       0.00326779       0.00326779       0.00326779       0.00326779       0.00326779       0.00326779       0.00326779       0.00326779       0.00326779       0.00326779       0.00326779
       0.00326779       0.00326779       0.00326779       0.00326779       0.00326779       0.00326779       0.00326779       0.00326779       0.00326779       0.00326779       0.00326779       0.00326779       0.00326779       0.00326779       0.00326779       0.00326779       0.00326779       0.00326779       0.00326779       0.00326779
       0.00326779       0.00326779       0.00326779       0.00326779       0.00326779       0.00326779       0.00326779       0.00326779       0.00326779       0.00326779       0.00326779       0.00326779       0.00326779       0.00326779       0.00326779       0.00326779       0.00326779       0.00326779       0.00326779       0.00326779
       0.00326779       0.00326779       0.00326779       0.00326779       0.00326779       0.00326779       0.00326779       0.00326779       0.00326779       0.00326779       0.00326779       0.00326779       0.00326779       0.00326779       0.00326779       0.00326779       0.00326779       0.00326779       0.00326779       0.00326779
       0.00326779       0.00326779       0.00326779       0.00326779       0.00326779       0.00326779       0.00326779       0.00326779       0.00326779       0.00326779       0.00326779       0.00326779       0.00326779       0.00326779       0.00326779       0.00326779       0.00326779       0.00326779       0.00326779       0.00326779
       0.00326779       0.00326779       0.00326779       0.00326779       0.00326779       0.00326779       0.00326779       0.00326779       0.00326779       0.00326779       0.00326779       0.00326779       0.00326779       0.00326779       0.00326779       0.00326779       0.00326779       0.00326779       0.00326779       0.00326779
       0.00326779       0.00326779       0.00326779       0.00326779       0.00326779       0.00326779       0.00326779       0.00326779       0.00326779       0.00326779       0.00326779       0.00326779       0.00326779       0.00326779       0.00326779       0.00326779       0.00326779       0.00326779       0.00326779       0.00326779
       0.00326779       0.00326779       0.00326779       0.00326779       0.00326779       0.00326779       0.00326779       0.00326779       0.00326779       0.00326779       0.00326779       0.00326779       0.00326779       0.00326779       0.00326779       0.00326779       0.00326779       0.00326779       0.00326779       0.00326779
       0.00326779       0.00326779       0.00326779       0.00326779       0.00326779       0.00326779       0.00326779       0.00326779       0.00326779       0.00326779       0.00326779       0.00326779       0.00326779       0.00326779       0.00326779       0.00326779       0.00326779       0.00326779       0.00326779       0.00326779
       0.00326779       0.00326779       0.00326779       0.00326779       0.00326779       0.00326779       0.00326779       0.00326779       0.00326779       0.00326779       0.00326779       0.00326779       0.00326779       0.00326779       0.00326779       0.00326779       0.00326779       0.00326779       0.00326779       0.00326779
       0.00326779       0.00326779       0.00326779       0.00326779       0.00326779       0.00326779       0.00326779       0.00326779       0.00326779       0.00326779       0.00326779       0.00326779       0.00326779       0.00326779       0.00326779       0.00326779       0.00326779       0.00326779       0.00326779       0.00326779
       0.00326779       0.00326779       0.00326779       0.00326779       0.00326779       0.00326779       0.00326779       0.00326779       0.00326779       0.00326779       0.00326779       0.00326779       0.00326779       0.00326779       0.00326779       0.00326779       0.00326779       0.00326779       0.00326779       0.00326779
       0.00326779       0.00326779       0.00326779       0.00326779       0.00326779       0.00326779       0.00326779       0.00326779       0.00326779       0.00326779       0.00326779       0.00326779       0.00326779       0.00326779       0.00326779       0.00326779       0.00326779       0.00326779       0.00326779       0.00326779
       0.00326779       0.00326779       0.00326779       0.00326779       0.00326779       0.00326779       0.00326779       0.00326779
