  3.28320000E-04  3.28320000E-04  3.28320000E-04  3.28320000E-04  3.28320000E-04  3.28320000E-04  3.28320000E-04  3.28320000E-04  3.28320000E-04  3.28320000E-04  3.28320000E-04  3.28320000E-04  3.28320000E-04  3.28320000E-04  3.28320000E-04  3.28320000E-04  3.28320000E-04  3.28320000E-04  3.28320000E-04  3.28320000E-04
  3.28320000E-04  3.28320000E-04  3.28320000E-04  3.28320000E-04  3.28320000E-04  3.28320000E-04  3.28320000E-04  3.28320000E-04  3.28320000E-04  3.28320000E-04  3.28320000E-04  3.28320000E-04  3.28320000E-04  3.28320000E-04  3.28320000E-04  3.28320000E-04  3.28320000E-04  3.28320000E-04  3.28320000E-04  3.28320000E-04
  3.28320000E-04  3.28320000E-04  3.28320000E-04  3.28320000E-04  3.28320000E-04  3.28320000E-04  3.28320000E-04  3.28320000E-04  3.28320000E-04  3.28320000E-04  3.28320000E-04  3.28320000E-04  3.28320000E-04  3.28320000E-04  3.28320000E-04  3.28320000E-04  3.28320000E-04  3.28320000E-04  3.28320000E-04  3.28320000E-04
  3.28320000E-04  3.28320000E-04  3.28320000E-04  3.28320000E-04  3.28320000E-04  3.28320000E-04  3.28320000E-04  3.28320000E-04  3.28320000E-04  3.28320000E-04  3.28320000E-04  3.28320000E-04  3.28320000E-04  3.28320000E-04  3.28320000E-04  3.28320000E-04  3.28320000E-04  3.28320000E-04  3.28320000E-04  3.28320000E-04
  3.28320000E-04  3.28320000E-04  3.28320000E-04  3.28320000E-04  3.28320000E-04  3.28320000E-04  3.28320000E-04  3.28320000E-04  3.28320000E-04  3.28320000E-04  3.28320000E-04  3.28320000E-04  3.28320000E-04  3.28320000E-04  3.28320000E-04  3.28320000E-04  3.28320000E-04  3.28320000E-04  3.28320000E-04  3.28320000E-04
  3.28320000E-04  3.28320000E-04  3.28320000E-04  3.28320000E-04  3.28320000E-04  3.28320000E-04  3.28320000E-04  3.28320000E-04  3.28320000E-04  3.28320000E-04  3.28320000E-04  3.28320000E-04  3.28320000E-04  3.28320000E-04  3.28320000E-04  3.28320000E-04  3.28320000E-04  3.28320000E-04  3.28320000E-04  3.28320000E-04
  3.28320000E-04  3.28320000E-04  3.28320000E-04  3.28320000E-04  3.28320000E-04  3.28320000E-04  3.28320000E-04  3.28320000E-04  3.28320000E-04  3.28320000E-04  3.28320000E-04  3.28320000E-04  3.28320000E-04  3.28320000E-04  3.28320000E-04  3.28320000E-04  3.28320000E-04  3.28320000E-04  3.28320000E-04  3.28320000E-04
  3.28320000E-04  3.28320000E-04  3.28320000E-04  3.28320000E-04  3.28320000E-04  3.28320000E-04  3.28320000E-04  3.28320000E-04  3.28320000E-04  3.28320000E-04  3.28320000E-04  3.28320000E-04  3.28320000E-04  3.28320000E-04  3.28320000E-04  3.28320000E-04  3.28320000E-04  3.28320000E-04  3.28320000E-04  3.28320000E-04
  3.28320000E-04  3.28320000E-04  3.28320000E-04  3.28320000E-04  3.28320000E-04  3.28320000E-04  3.28320000E-04  3.28320000E-04  3.28320000E-04  3.28320000E-04  3.28320000E-04  3.28320000E-04  3.28320000E-04  3.28320000E-04  3.28320000E-04  3.28320000E-04  3.28320000E-04  3.28320000E-04  3.28320000E-04  3.28320000E-04
  3.28320000E-04  3.28320000E-04  3.28320000E-04  3.28320000E-04  3.28320000E-04  3.28320000E-04  3.28320000E-04  3.28320000E-04  3.28320000E-04  3.28320000E-04  3.28320000E-04  3.28320000E-04  3.28320000E-04  3.28320000E-04  3.28320000E-04  3.28320000E-04  3.28320000E-04  3.28320000E-04  3.28320000E-04  3.28320000E-04
  3.28320000E-04  3.28320000E-04  3.28320000E-04  3.28320000E-04  3.28320000E-04  3.28320000E-04  3.28320000E-04  3.28320000E-04  3.28320000E-04  3.28320000E-04  3.28320000E-04  3.28320000E-04  3.28320000E-04  3.28320000E-04  3.28320000E-04  3.28320000E-04  3.28320000E-04  3.28320000E-04  3.28320000E-04  3.28320000E-04
  3.28320000E-04  3.28320000E-04  3.28320000E-04  3.28320000E-04  3.28320000E-04  3.28320000E-04  3.28320000E-04  3.28320000E-04  3.28320000E-04  3.28320000E-04  3.28320000E-04  3.28320000E-04  3.28320000E-04  3.28320000E-04  3.28320000E-04  3.28320000E-04  3.28320000E-04  3.28320000E-04  3.28320000E-04  3.28320000E-04
  3.28320000E-04  3.28320000E-04  3.28320000E-04  3.28320000E-04  3.28320000E-04  3.28320000E-04  3.28320000E-04  3.28320000E-04  3.28320000E-04  3.28320000E-04  3.28320000E-04  3.28320000E-04  3.28320000E-04  3.28320000E-04  3.28320000E-04  3.28320000E-04  3.28320000E-04  3.28320000E-04  3.28320000E-04  3.28320000E-04
  3.28320000E-04  3.28320000E-04  3.28320000E-04  3.28320000E-04  3.28320000E-04  3.28320000E-04  3.28320000E-04  3.28320000E-04  3.28320000E-04  3.28320000E-04  3.28320000E-04  3.28320000E-04  3.28320000E-04  3.28320000E-04  3.28320000E-04  3.28320000E-04  3.28320000E-04  3.28320000E-04  3.28320000E-04  3.28320000E-04
  3.28320000E-04  3.28320000E-04  3.28320000E-04  3.28320000E-04  3.28320000E-04  3.28320000E-04  3.28320000E-04  3.28320000E-04  3.28320000E-04  3.28320000E-04  3.28320000E-04  3.28320000E-04  3.28320000E-04  3.28320000E-04  3.28320000E-04  3.28320000E-04  3.28320000E-04  3.28320000E-04  3.28320000E-04  3.28320000E-04
  3.28320000E-04  3.28320000E-04  3.28320000E-04  3.28320000E-04  3.28320000E-04  3.28320000E-04  3.28320000E-04  3.28320000E-04  3.28320000E-04  3.28320000E-04  3.28320000E-04  3.28320000E-04  3.28320000E-04  3.28320000E-04  3.28320000E-04  3.28320000E-04  3.28320000E-04  3.28320000E-04  3.28320000E-04  3.28320000E-04
  3.28320000E-04  3.28320000E-04  3.28320000E-04  3.28320000E-04  3.28320000E-04  3.28320000E-04  3.28320000E-04  3.28320000E-04  3.28320000E-04  3.28320000E-04  3.28320000E-04  3.28320000E-04  3.28320000E-04  3.28320000E-04  3.28320000E-04  3.28320000E-04  3.28320000E-04  3.28320000E-04  3.28320000E-04  3.28320000E-04
  3.28320000E-04  3.28320000E-04  3.28320000E-04  3.28320000E-04  3.28320000E-04  3.28320000E-04  3.28320000E-04  3.28320000E-04  3.28320000E-04  3.28320000E-04  3.28320000E-04  3.28320000E-04  3.28320000E-04  3.28320000E-04  3.28320000E-04  3.28320000E-04  3.28320000E-04  3.28320000E-04  3.28320000E-04  3.28320000E-04
  3.28320000E-04  3.28320000E-04  3.28320000E-04  3.28320000E-04  3.28320000E-04  3.28320000E-04  3.28320000E-04  3.28320000E-04  3.28320000E-04  3.28320000E-04  3.28320000E-04  3.28320000E-04  3.28320000E-04  3.28320000E-04  3.28320000E-04  3.28320000E-04  3.28320000E-04  3.28320000E-04  3.28320000E-04  3.28320000E-04
  3.28320000E-04  3.28320000E-04  3.28320000E-04  3.28320000E-04  3.28320000E-04  3.28320000E-04  3.28320000E-04  3.28320000E-04  3.28320000E-04  3.28320000E-04  3.28320000E-04  3.28320000E-04  3.28320000E-04  3.28320000E-04  3.28320000E-04  3.28320000E-04  3.28320000E-04  3.28320000E-04  3.28320000E-04  3.28320000E-04
  3.28320000E-04  3.28320000E-04  3.28320000E-04  3.28320000E-04  3.28320000E-04  3.28320000E-04  3.28320000E-04  3.28320000E-04  3.28320000E-04  3.28320000E-04  3.28320000E-04  3.28320000E-04  3.28320000E-04  3.28320000E-04  3.28320000E-04  3.28320000E-04  3.28320000E-04  3.28320000E-04  3.28320000E-04  3.28320000E-04
  3.28320000E-04  3.28320000E-04  3.28320000E-04  3.28320000E-04  3.28320000E-04  3.28320000E-04  3.28320000E-04  3.28320000E-04  3.28320000E-04  3.28320000E-04  3.28320000E-04  3.28320000E-04  3.28320000E-04  3.28320000E-04  3.28320000E-04  3.28320000E-04  3.28320000E-04  3.28320000E-04  3.28320000E-04  3.28320000E-04
  3.28320000E-04  3.28320000E-04  3.28320000E-04  3.28320000E-04  3.28320000E-04  3.28320000E-04  3.28320000E-04  3.28320000E-04  3.28320000E-04  3.28320000E-04  3.28320000E-04  3.28320000E-04  3.28320000E-04  3.28320000E-04  3.28320000E-04  3.28320000E-04  3.28320000E-04  3.28320000E-04  3.28320000E-04  3.28320000E-04
  3.28320000E-04  3.28320000E-04  3.28320000E-04  3.28320000E-04  3.28320000E-04  3.28320000E-04  3.28320000E-04  3.28320000E-04  3.28320000E-04  3.28320000E-04  3.28320000E-04  3.28320000E-04  3.28320000E-04  3.28320000E-04  3.28320000E-04  3.28320000E-04  3.28320000E-04  3.28320000E-04  3.28320000E-04  3.28320000E-04
  3.28320000E-04  3.28320000E-04  3.28320000E-04  3.28320000E-04  3.28320000E-04  3.28320000E-04  3.28320000E-04  3.28320000E-04  3.28320000E-04  3.28320000E-04  3.28320000E-04  3.28320000E-04  3.28320000E-04  3.28320000E-04  3.28320000E-04  3.28320000E-04  3.28320000E-04  3.28320000E-04  3.28320000E-04  3.28320000E-04
  3.28320000E-04  3.28320000E-04  3.28320000E-04  3.28320000E-04  3.28320000E-04  3.28320000E-04  3.28320000E-04  3.28320000E-04  3.28320000E-04  3.28320000E-04  3.28320000E-04  3.28320000E-04  3.28320000E-04  3.28320000E-04  3.28320000E-04  3.28320000E-04  3.28320000E-04  3.28320000E-04  3.28320000E-04  3.28320000E-04
  3.28320000E-04  3.28320000E-04  3.28320000E-04  3.28320000E-04  3.28320000E-04  3.28320000E-04  3.28320000E-04  3.28320000E-04  3.28320000E-04  3.28320000E-04  3.28320000E-04  3.28320000E-04  3.28320000E-04  3.28320000E-04  3.28320000E-04  3.28320000E-04  3.28320000E-04  3.28320000E-04  3.28320000E-04  3.28320000E-04
  3.28320000E-04  3.28320000E-04  3.28320000E-04  3.28320000E-04  3.28320000E-04  3.28320000E-04  3.28320000E-04  3.28320000E-04  3.28320000E-04  3.28320000E-04  3.28320000E-04  3.28320000E-04  3.28320000E-04  3.28320000E-04  3.28320000E-04  3.28320000E-04  3.28320000E-04  3.28320000E-04  3.28320000E-04  3.28320000E-04
  3.28320000E-04  3.28320000E-04  3.28320000E-04  3.28320000E-04  3.28320000E-04  3.28320000E-04  3.28320000E-04  3.28320000E-04  3.28320000E-04  3.28320000E-04  3.28320000E-04  3.28320000E-04  3.28320000E-04  3.28320000E-04  3.28320000E-04  3.28320000E-04  3.28320000E-04  3.28320000E-04  3.28320000E-04  3.28320000E-04
  3.28320000E-04  3.28320000E-04  3.28320000E-04  3.28320000E-04  3.28320000E-04  3.28320000E-04  3.28320000E-04  3.28320000E-04  3.28320000E-04  3.28320000E-04  3.28320000E-04  3.28320000E-04  3.28320000E-04  3.28320000E-04  3.28320000E-04  3.28320000E-04  3.28320000E-04  3.28320000E-04  3.28320000E-04  3.28320000E-04
  3.28320000E-04  3.28320000E-04  3.28320000E-04  3.28320000E-04  3.28320000E-04  3.28320000E-04  3.28320000E-04  3.28320000E-04  3.28320000E-04  3.28320000E-04  3.28320000E-04  3.28320000E-04  3.28320000E-04  3.28320000E-04  3.28320000E-04  3.28320000E-04  3.28320000E-04  3.28320000E-04  3.28320000E-04  3.28320000E-04
  3.28320000E-04  3.28320000E-04  3.28320000E-04  3.28320000E-04  3.28320000E-04  3.28320000E-04  3.28320000E-04  3.28320000E-04  3.28320000E-04  3.28320000E-04  3.28320000E-04  3.28320000E-04  3.28320000E-04  3.28320000E-04  3.28320000E-04  3.28320000E-04  3.28320000E-04  3.28320000E-04  3.28320000E-04  3.28320000E-04
  3.28320000E-04  3.28320000E-04  3.28320000E-04  3.28320000E-04  3.28320000E-04  3.28320000E-04  3.28320000E-04  3.28320000E-04  3.28320000E-04  3.28320000E-04  3.28320000E-04  3.28320000E-04  3.28320000E-04  3.28320000E-04  3.28320000E-04  3.28320000E-04  3.28320000E-04  3.28320000E-04  3.28320000E-04  3.28320000E-04
  3.28320000E-04  3.28320000E-04  3.28320000E-04  3.28320000E-04  3.28320000E-04  3.28320000E-04  3.28320000E-04  3.28320000E-04  3.28320000E-04  3.28320000E-04  3.28320000E-04  3.28320000E-04  3.28320000E-04  3.28320000E-04  3.28320000E-04  3.28320000E-04  3.28320000E-04  3.28320000E-04  3.28320000E-04  3.28320000E-04
  3.28320000E-04  3.28320000E-04  3.28320000E-04  3.28320000E-04  3.28320000E-04  3.28320000E-04  3.28320000E-04  3.28320000E-04  3.28320000E-04  3.28320000E-04  3.28320000E-04  3.28320000E-04  3.28320000E-04  3.28320000E-04  3.28320000E-04  3.28320000E-04  3.28320000E-04  3.28320000E-04  3.28320000E-04  3.28320000E-04
  3.28320000E-04  3.28320000E-04  3.28320000E-04  3.28320000E-04  3.28320000E-04  3.28320000E-04  3.28320000E-04  3.28320000E-04  3.28320000E-04  3.28320000E-04  3.28320000E-04  3.28320000E-04  3.28320000E-04  3.28320000E-04  3.28320000E-04  3.28320000E-04  3.28320000E-04  3.28320000E-04  3.28320000E-04  3.28320000E-04
  3.28320000E-04  3.28320000E-04  3.28320000E-04  3.28320000E-04  3.28320000E-04  3.28320000E-04  3.28320000E-04  3.28320000E-04  3.28320000E-04  3.28320000E-04  3.28320000E-04  3.28320000E-04  3.28320000E-04  3.28320000E-04  3.28320000E-04  3.28320000E-04  3.28320000E-04  3.28320000E-04  3.28320000E-04  3.28320000E-04
  3.28320000E-04  3.28320000E-04  3.28320000E-04  3.28320000E-04  3.28320000E-04  3.28320000E-04  3.28320000E-04  3.28320000E-04  3.28320000E-04  3.28320000E-04  3.28320000E-04  3.28320000E-04  3.28320000E-04  3.28320000E-04  3.28320000E-04  3.28320000E-04  3.28320000E-04  3.28320000E-04  3.28320000E-04  3.28320000E-04
  3.28320000E-04  3.28320000E-04  3.28320000E-04  3.28320000E-04  3.28320000E-04  3.28320000E-04  3.28320000E-04  3.28320000E-04  3.28320000E-04  3.28320000E-04  3.28320000E-04  3.28320000E-04  3.28320000E-04  3.28320000E-04  3.28320000E-04  3.28320000E-04  3.28320000E-04  3.28320000E-04  3.28320000E-04  3.28320000E-04
  3.28320000E-04  3.28320000E-04  3.28320000E-04  3.28320000E-04  3.28320000E-04  3.28320000E-04  3.28320000E-04  3.28320000E-04  3.28320000E-04  3.28320000E-04  3.28320000E-04  3.28320000E-04  3.28320000E-04  3.28320000E-04  3.28320000E-04  3.28320000E-04  3.28320000E-04  3.28320000E-04  3.28320000E-04  3.28320000E-04
  3.28320000E-04  3.28320000E-04  3.28320000E-04  3.28320000E-04  3.28320000E-04  3.28320000E-04  3.28320000E-04  3.28320000E-04  3.28320000E-04  3.28320000E-04  3.28320000E-04  3.28320000E-04  3.28320000E-04  3.28320000E-04  3.28320000E-04  3.28320000E-04  3.28320000E-04  3.28320000E-04  3.28320000E-04  3.28320000E-04
  3.28320000E-04  3.28320000E-04  3.28320000E-04  3.28320000E-04  3.28320000E-04  3.28320000E-04  3.28320000E-04  3.28320000E-04  3.28320000E-04  3.28320000E-04  3.28320000E-04  3.28320000E-04  3.28320000E-04  3.28320000E-04  3.28320000E-04  3.28320000E-04  3.28320000E-04  3.28320000E-04  3.28320000E-04  3.28320000E-04
  3.28320000E-04  3.28320000E-04  3.28320000E-04  3.28320000E-04  3.28320000E-04  3.28320000E-04  3.28320000E-04  3.28320000E-04  3.28320000E-04  3.28320000E-04  3.28320000E-04  3.28320000E-04  3.28320000E-04  3.28320000E-04  3.28320000E-04  3.28320000E-04  3.28320000E-04  3.28320000E-04  3.28320000E-04  3.28320000E-04
  3.28320000E-04  3.28320000E-04  3.28320000E-04  3.28320000E-04  3.28320000E-04  3.28320000E-04  3.28320000E-04  3.28320000E-04  3.28320000E-04  3.28320000E-04  3.28320000E-04  3.28320000E-04  3.28320000E-04  3.28320000E-04  3.28320000E-04  3.28320000E-04  3.28320000E-04  3.28320000E-04  3.28320000E-04  3.28320000E-04
  3.28320000E-04  3.28320000E-04  3.28320000E-04  3.28320000E-04  3.28320000E-04  3.28320000E-04  3.28320000E-04  3.28320000E-04  3.28320000E-04  3.28320000E-04  3.28320000E-04  3.28320000E-04  3.28320000E-04  3.28320000E-04  3.28320000E-04  3.28320000E-04  3.28320000E-04  3.28320000E-04  3.28320000E-04  3.28320000E-04
  3.28320000E-04  3.28320000E-04  3.28320000E-04  3.28320000E-04  3.28320000E-04  3.28320000E-04  3.28320000E-04  3.28320000E-04  3.28320000E-04  3.28320000E-04  3.28320000E-04  3.28320000E-04  3.28320000E-04  3.28320000E-04  3.28320000E-04  3.28320000E-04  3.28320000E-04  3.28320000E-04  3.28320000E-04  3.28320000E-04
  3.28320000E-04  3.28320000E-04  3.28320000E-04  3.28320000E-04  3.28320000E-04  3.28320000E-04  3.28320000E-04  3.28320000E-04  3.28320000E-04  3.28320000E-04  3.28320000E-04  3.28320000E-04  3.28320000E-04  3.28320000E-04  3.28320000E-04  3.28320000E-04  3.28320000E-04  3.28320000E-04  3.28320000E-04  3.28320000E-04
  3.28320000E-04  3.28320000E-04  3.28320000E-04  3.28320000E-04  3.28320000E-04  3.28320000E-04  3.28320000E-04  3.28320000E-04  3.28320000E-04  3.28320000E-04  3.28320000E-04  3.28320000E-04  3.28320000E-04  3.28320000E-04  3.28320000E-04  3.28320000E-04  3.28320000E-04  3.28320000E-04  3.28320000E-04  3.28320000E-04
  3.28320000E-04  3.28320000E-04  3.28320000E-04  3.28320000E-04  3.28320000E-04  3.28320000E-04  3.28320000E-04  3.28320000E-04  3.28320000E-04  3.28320000E-04  3.28320000E-04  3.28320000E-04  3.28320000E-04  3.28320000E-04  3.28320000E-04  3.28320000E-04  3.28320000E-04  3.28320000E-04  3.28320000E-04  3.28320000E-04
  3.28320000E-04  3.28320000E-04  3.28320000E-04  3.28320000E-04  3.28320000E-04  3.28320000E-04  3.28320000E-04  3.28320000E-04  3.28320000E-04  3.28320000E-04  3.28320000E-04  3.28320000E-04  3.28320000E-04  3.28320000E-04  3.28320000E-04  3.28320000E-04  3.28320000E-04  3.28320000E-04  3.28320000E-04  3.28320000E-04
  3.28320000E-04  3.28320000E-04  3.28320000E-04  3.28320000E-04  3.28320000E-04  3.28320000E-04  3.28320000E-04  3.28320000E-04  3.28320000E-04  3.28320000E-04  3.28320000E-04  3.28320000E-04  3.28320000E-04  3.28320000E-04  3.28320000E-04  3.28320000E-04  3.28320000E-04  3.28320000E-04  3.28320000E-04  3.28320000E-04
  3.28320000E-04  3.28320000E-04  3.28320000E-04  3.28320000E-04  3.28320000E-04  3.28320000E-04  3.28320000E-04  3.28320000E-04
