       1.18648118       1.18648118       1.18648118       1.18648118       1.18648118       1.18648118       1.18648118       1.18648118       1.18648118       1.18648118       1.18648118       1.18648118       1.18648118       1.18648118       1.18648118       1.18648118       1.18648118       1.18648118       1.18648118       1.18648118
       1.18648118       1.18648118       1.18648118       1.18648118       1.18648118       1.18648118       1.18648118       1.18648118       1.18648118       1.18648118       1.18648118       1.18648118       1.18648118       1.18648118       1.18648118       1.18648118       1.18648118       1.18648118       1.18648118       1.18648118
       1.18648118       1.18648118       1.18648118       1.18648118       1.18648118       1.18648118       1.18648118       1.18648118       1.18648118       1.18648118       1.18648118       1.18648118       1.18648118       1.18648118       1.18648118       1.18648118       1.18648118       1.18648118       1.18648118       1.18648118
       1.18648118       1.18648118       1.18648118       1.18648118       1.18648118       1.18648118       1.18648118       1.18648118       1.18648118       1.18648118       1.18648118       1.18648118       1.18648118       1.18648118       1.18648118       1.18648118       1.18648118       1.18648118       1.18648118       1.18648118
       1.18648118       1.18648118       1.18648118       1.18648118       1.18648118       1.18648118       1.18648118       1.18648118       1.18648118       1.18648118       1.18648118       1.18648118       1.18648118       1.18648118       1.18648118       1.18648118       1.18648118       1.18648118       1.18648118       1.18648118
       1.18648118       1.18648118       1.18648118       1.18648118       1.18648118       1.18648118       1.18648118       1.18648118       1.18648118       1.18648118       1.18648118       1.18648118       1.18648118       1.18648118       1.18648118       1.18648118       1.18648118       1.18648118       1.18648118       1.18648118
       1.18648118       1.18648118       1.18648118       1.18648118       1.18648118       1.18648118       1.18648118       1.18648118       1.18648118       1.18648118       1.18648118       1.18648118       1.18648118       1.18648118       1.18648118       1.18648118       1.18648118       1.18648118       1.18648118       1.18648118
       1.18648118       1.18648118       1.18648118       1.18648118       1.18648118       1.18648118       1.18648118       1.18648118       1.18648118       1.18648118       1.18648118       1.18648118       1.18648118       1.18648118       1.18648118       1.18648118       1.18648118       1.18648118       1.18648118       1.18648118
       1.18648118       1.18648118       1.18648118       1.18648118       1.18648118       1.18648118       1.18648118       1.18648118       1.18648118       1.18648118       1.18648118       1.18648118       1.18648118       1.18648118       1.18648118       1.18648118       1.18648118       1.18648118       1.18648118       1.18648118
       1.18648118       1.18648118       1.18648118       1.18648118       1.18648118       1.18648118       1.18648118       1.18648118       1.18648118       1.18648118       1.18648118       1.18648118       1.18648118       1.18648118       1.18648118       1.18648118       1.18648118       1.18648118       1.18648118       1.18648118
       1.18648118       1.18648118       1.18648118       1.18648118       1.18648118       1.18648118       1.18648118       1.18648118       1.18648118       1.18648118       1.18648118       1.18648118       1.18648118       1.18648118       1.18648118       1.18648118       1.18648118       1.18648118       1.18648118       1.18648118
       1.18648118       1.18648118       1.18648118       1.18648118       1.18648118       1.18648118       1.18648118       1.18648118       1.18648118       1.18648118       1.18648118       1.18648118       1.18648118       1.18648118       1.18648118       1.18648118       1.18648118       1.18648118       1.18648118       1.18648118
       1.18648118       1.18648118       1.18648118       1.18648118       1.18648118       1.18648118       1.18648118       1.18648118       1.18648118       1.18648118       1.18648118       1.18648118       1.18648118       1.18648118       1.18648118       1.18648118       1.18648118       1.18648118       1.18648118       1.18648118
       1.18648118       1.18648118       1.18648118       1.18648118       1.18648118       1.18648118       1.18648118       1.18648118       1.18648118       1.18648118       1.18648118       1.18648118       1.18648118       1.18648118       1.18648118       1.18648118       1.18648118       1.18648118       1.18648118       1.18648118
       1.18648118       1.18648118       1.18648118       1.18648118       1.18648118       1.18648118       1.18648118       1.18648118       1.18648118       1.18648118       1.18648118       1.18648118       1.18648118       1.18648118       1.18648118       1.18648118       1.18648118       1.18648118       1.18648118       1.18648118
       1.18648118       1.18648118       1.18648118       1.18648118       1.18648118       1.18648118       1.18648118       1.18648118       1.18648118       1.18648118       1.18648118       1.18648118       1.18648118       1.18648118       1.18648118       1.18648118       1.18648118       1.18648118       1.18648118       1.18648118
       1.18648118       1.18648118       1.18648118       1.18648118       1.18648118       1.18648118       1.18648118       1.18648118       1.18648118       1.18648118       1.18648118       1.18648118       1.18648118       1.18648118       1.18648118       1.18648118       1.18648118       1.18648118       1.18648118       1.18648118
       1.18648118       1.18648118       1.18648118       1.18648118       1.18648118       1.18648118       1.18648118       1.18648118       1.18648118       1.18648118       1.18648118       1.18648118       1.18648118       1.18648118       1.18648118       1.18648118       1.18648118       1.18648118       1.18648118       1.18648118
       1.18648118       1.18648118       1.18648118       1.18648118       1.18648118       1.18648118       1.18648118       1.18648118       1.18648118       1.18648118       1.18648118       1.18648118       1.18648118       1.18648118       1.18648118       1.18648118       1.18648118       1.18648118       1.18648118       1.18648118
       1.18648118       1.18648118       1.18648118       1.18648118       1.18648118       1.18648118       1.18648118       1.18648118       1.18648118       1.18648118       1.18648118       1.18648118       1.18648118       1.18648118       1.18648118       1.18648118       1.18648118       1.18648118       1.18648118       1.18648118
       1.18648118       1.18648118       1.18648118       1.18648118       1.18648118       1.18648118       1.18648118       1.18648118       1.18648118       1.18648118       1.18648118       1.18648118       1.18648118       1.18648118       1.18648118       1.18648118       1.18648118       1.18648118       1.18648118       1.18648118
       1.18648118       1.18648118       1.18648118       1.18648118       1.18648118       1.18648118       1.18648118       1.18648118       1.18648118       1.18648118       1.18648118       1.18648118       1.18648118       1.18648118       1.18648118       1.18648118       1.18648118       1.18648118       1.18648118       1.18648118
       1.18648118       1.18648118       1.18648118       1.18648118       1.18648118       1.18648118       1.18648118       1.18648118       1.18648118       1.18648118       1.18648118       1.18648118       1.18648118       1.18648118       1.18648118       1.18648118       1.18648118       1.18648118       1.18648118       1.18648118
       1.18648118       1.18648118       1.18648118       1.18648118       1.18648118       1.18648118       1.18648118       1.18648118       1.18648118       1.18648118       1.18648118       1.18648118       1.18648118       1.18648118       1.18648118       1.18648118       1.18648118       1.18648118       1.18648118       1.18648118
       1.18648118       1.18648118       1.18648118       1.18648118       1.18648118       1.18648118       1.18648118       1.18648118       1.18648118       1.18648118       1.18648118       1.18648118       1.18648118       1.18648118       1.18648118       1.18648118       1.18648118       1.18648118       1.18648118       1.18648118
       1.18648118       1.18648118       1.18648118       1.18648118       1.18648118       1.18648118       1.18648118       1.18648118       1.18648118       1.18648118       1.18648118       1.18648118       1.18648118       1.18648118       1.18648118       1.18648118       1.18648118       1.18648118       1.18648118       1.18648118
       1.18648118       1.18648118       1.18648118       1.18648118       1.18648118       1.18648118       1.18648118       1.18648118       1.18648118       1.18648118       1.18648118       1.18648118       1.18648118       1.18648118       1.18648118       1.18648118       1.18648118       1.18648118       1.18648118       1.18648118
       1.18648118       1.18648118       1.18648118       1.18648118       1.18648118       1.18648118       1.18648118       1.18648118       1.18648118       1.18648118       1.18648118       1.18648118       1.18648118       1.18648118       1.18648118       1.18648118       1.18648118       1.18648118       1.18648118       1.18648118
       1.18648118       1.18648118       1.18648118       1.18648118       1.18648118       1.18648118       1.18648118       1.18648118       1.18648118       1.18648118       1.18648118       1.18648118       1.18648118       1.18648118       1.18648118       1.18648118       1.18648118       1.18648118       1.18648118       1.18648118
       1.18648118       1.18648118       1.18648118       1.18648118       1.18648118       1.18648118       1.18648118       1.18648118       1.18648118       1.18648118       1.18648118       1.18648118       1.18648118       1.18648118       1.18648118       1.18648118       1.18648118       1.18648118       1.18648118       1.18648118
       1.18648118       1.18648118       1.18648118       1.18648118       1.18648118       1.18648118       1.18648118       1.18648118       1.18648118       1.18648118       1.18648118       1.18648118       1.18648118       1.18648118       1.18648118       1.18648118       1.18648118       1.18648118       1.18648118       1.18648118
       1.18648118       1.18648118       1.18648118       1.18648118       1.18648118       1.18648118       1.18648118       1.18648118       1.18648118       1.18648118       1.18648118       1.18648118       1.18648118       1.18648118       1.18648118       1.18648118       1.18648118       1.18648118       1.18648118       1.18648118
       1.18648118       1.18648118       1.18648118       1.18648118       1.18648118       1.18648118       1.18648118       1.18648118       1.18648118       1.18648118       1.18648118       1.18648118       1.18648118       1.18648118       1.18648118       1.18648118       1.18648118       1.18648118       1.18648118       1.18648118
       1.18648118       1.18648118       1.18648118       1.18648118       1.18648118       1.18648118       1.18648118       1.18648118       1.18648118       1.18648118       1.18648118       1.18648118       1.18648118       1.18648118       1.18648118       1.18648118       1.18648118       1.18648118       1.18648118       1.18648118
       1.18648118       1.18648118       1.18648118       1.18648118       1.18648118       1.18648118       1.18648118       1.18648118       1.18648118       1.18648118       1.18648118       1.18648118       1.18648118       1.18648118       1.18648118       1.18648118       1.18648118       1.18648118       1.18648118       1.18648118
       1.18648118       1.18648118       1.18648118       1.18648118       1.18648118       1.18648118       1.18648118       1.18648118       1.18648118       1.18648118       1.18648118       1.18648118       1.18648118       1.18648118       1.18648118       1.18648118       1.18648118       1.18648118       1.18648118       1.18648118
       1.18648118       1.18648118       1.18648118       1.18648118       1.18648118       1.18648118       1.18648118       1.18648118       1.18648118       1.18648118       1.18648118       1.18648118       1.18648118       1.18648118       1.18648118       1.18648118       1.18648118       1.18648118       1.18648118       1.18648118
       1.18648118       1.18648118       1.18648118       1.18648118       1.18648118       1.18648118       1.18648118       1.18648118       1.18648118       1.18648118       1.18648118       1.18648118       1.18648118       1.18648118       1.18648118       1.18648118       1.18648118       1.18648118       1.18648118       1.18648118
       1.18648118       1.18648118       1.18648118       1.18648118       1.18648118       1.18648118       1.18648118       1.18648118       1.18648118       1.18648118       1.18648118       1.18648118       1.18648118       1.18648118       1.18648118       1.18648118       1.18648118       1.18648118       1.18648118       1.18648118
       1.18648118       1.18648118       1.18648118       1.18648118       1.18648118       1.18648118       1.18648118       1.18648118       1.18648118       1.18648118       1.18648118       1.18648118       1.18648118       1.18648118       1.18648118       1.18648118       1.18648118       1.18648118       1.18648118       1.18648118
       1.18648118       1.18648118       1.18648118       1.18648118       1.18648118       1.18648118       1.18648118       1.18648118       1.18648118       1.18648118       1.18648118       1.18648118       1.18648118       1.18648118       1.18648118       1.18648118       1.18648118       1.18648118       1.18648118       1.18648118
       1.18648118       1.18648118       1.18648118       1.18648118       1.18648118       1.18648118       1.18648118       1.18648118       1.18648118       1.18648118       1.18648118       1.18648118       1.18648118       1.18648118       1.18648118       1.18648118       1.18648118       1.18648118       1.18648118       1.18648118
       1.18648118       1.18648118       1.18648118       1.18648118       1.18648118       1.18648118       1.18648118       1.18648118       1.18648118       1.18648118       1.18648118       1.18648118       1.18648118       1.18648118       1.18648118       1.18648118       1.18648118       1.18648118       1.18648118       1.18648118
       1.18648118       1.18648118       1.18648118       1.18648118       1.18648118       1.18648118       1.18648118       1.18648118       1.18648118       1.18648118       1.18648118       1.18648118       1.18648118       1.18648118       1.18648118       1.18648118       1.18648118       1.18648118       1.18648118       1.18648118
       1.18648118       1.18648118       1.18648118       1.18648118       1.18648118       1.18648118       1.18648118       1.18648118       1.18648118       1.18648118       1.18648118       1.18648118       1.18648118       1.18648118       1.18648118       1.18648118       1.18648118       1.18648118       1.18648118       1.18648118
       1.18648118       1.18648118       1.18648118       1.18648118       1.18648118       1.18648118       1.18648118       1.18648118       1.18648118       1.18648118       1.18648118       1.18648118       1.18648118       1.18648118       1.18648118       1.18648118       1.18648118       1.18648118       1.18648118       1.18648118
       1.18648118       1.18648118       1.18648118       1.18648118       1.18648118       1.18648118       1.18648118       1.18648118       1.18648118       1.18648118       1.18648118       1.18648118       1.18648118       1.18648118       1.18648118       1.18648118       1.18648118       1.18648118       1.18648118       1.18648118
       1.18648118       1.18648118       1.18648118       1.18648118       1.18648118       1.18648118       1.18648118       1.18648118       1.18648118       1.18648118       1.18648118       1.18648118       1.18648118       1.18648118       1.18648118       1.18648118       1.18648118       1.18648118       1.18648118       1.18648118
       1.18648118       1.18648118       1.18648118       1.18648118       1.18648118       1.18648118       1.18648118       1.18648118       1.18648118       1.18648118       1.18648118       1.18648118       1.18648118       1.18648118       1.18648118       1.18648118       1.18648118       1.18648118       1.18648118       1.18648118
       1.18648118       1.18648118       1.18648118       1.18648118       1.18648118       1.18648118       1.18648118       1.18648118       1.18648118       1.18648118       1.18648118       1.18648118       1.18648118       1.18648118       1.18648118       1.18648118       1.18648118       1.18648118       1.18648118       1.18648118
       1.18648118       1.18648118       1.18648118       1.18648118       1.18648118       1.18648118       1.18648118       1.18648118       1.18648118       1.18648118       1.18648118       1.18648118       1.18648118       1.18648118       1.18648118       1.18648118       1.18648118       1.18648118       1.18648118       1.18648118
       1.18648118       1.18648118       1.18648118       1.18648118       1.18648118       1.18648118       1.18648118       1.18648118
