  1.10684174E+05  1.10684174E+05  1.10684174E+05  1.10684174E+05  1.10684174E+05  1.10684174E+05  1.10684174E+05  1.10684174E+05  1.10684174E+05  1.10684174E+05  1.10684174E+05  1.10684174E+05  1.10684174E+05  1.10684174E+05  1.10684174E+05  1.10684174E+05  1.10684174E+05  1.10684174E+05  1.10684174E+05  1.10684174E+05
  1.10684174E+05  1.10684174E+05  1.10684174E+05  1.10684174E+05  1.10684174E+05  1.10684174E+05  1.10684174E+05  1.10684174E+05  1.10684174E+05  1.10684174E+05  1.10684174E+05  1.10684174E+05  1.10684174E+05  1.10684174E+05  1.10684174E+05  1.10684174E+05  1.10684174E+05  1.10684174E+05  1.10684174E+05  1.10684174E+05
  1.10684174E+05  1.10684174E+05  1.10684174E+05  1.10684174E+05  1.10684174E+05  1.10684174E+05  1.10684174E+05  1.10684174E+05  1.10684174E+05  1.10684174E+05  1.10684174E+05  1.10684174E+05  1.10684174E+05  1.10684174E+05  1.10684174E+05  1.10684174E+05  1.10684174E+05  1.10684174E+05  1.10684174E+05  1.10684174E+05
  1.10684174E+05  1.10684174E+05  1.10684174E+05  1.10684174E+05  1.10684174E+05  1.10684174E+05  1.10684174E+05  1.10684174E+05  1.10684174E+05  1.10684174E+05  1.10684174E+05  1.10684174E+05  1.10684174E+05  1.10684174E+05  1.10684174E+05  1.10684174E+05  1.10684174E+05  1.10684174E+05  1.10684174E+05  1.10684174E+05
  1.10684174E+05  1.10684174E+05  1.10684174E+05  1.10684174E+05  1.10684174E+05  1.10684174E+05  1.10684174E+05  1.10684174E+05  1.10684174E+05  1.10684174E+05  1.10684174E+05  1.10684174E+05  1.10684174E+05  1.10684174E+05  1.10684174E+05  1.10684174E+05  1.10684174E+05  1.10684174E+05  1.10684174E+05  1.10684174E+05
  1.10684174E+05  1.10684174E+05  1.10684174E+05  1.10684174E+05  1.10684174E+05  1.10684174E+05  1.10684174E+05  1.10684174E+05  1.10684174E+05  1.10684174E+05  1.10684174E+05  1.10684174E+05  1.10684174E+05  1.10684174E+05  1.10684174E+05  1.10684174E+05  1.10684174E+05  1.10684174E+05  1.10684174E+05  1.10684174E+05
  1.10684174E+05  1.10684174E+05  1.10684174E+05  1.10684174E+05  1.10684174E+05  1.10684174E+05  1.10684174E+05  1.10684174E+05  1.10684174E+05  1.10684174E+05  1.10684174E+05  1.10684174E+05  1.10684174E+05  1.10684174E+05  1.10684174E+05  1.10684174E+05  1.10684174E+05  1.10684174E+05  1.10684174E+05  1.10684174E+05
  1.10684174E+05  1.10684174E+05  1.10684174E+05  1.10684174E+05  1.10684174E+05  1.10684174E+05  1.10684174E+05  1.10684174E+05  1.10684174E+05  1.10684174E+05  1.10684174E+05  1.10684174E+05  1.10684174E+05  1.10684174E+05  1.10684174E+05  1.10684174E+05  1.10684174E+05  1.10684174E+05  1.10684174E+05  1.10684174E+05
  1.10684174E+05  1.10684174E+05  1.10684174E+05  1.10684174E+05  1.10684174E+05  1.10684174E+05  1.10684174E+05  1.10684174E+05  1.10684174E+05  1.10684174E+05  1.10684174E+05  1.10684174E+05  1.10684174E+05  1.10684174E+05  1.10684174E+05  1.10684174E+05  1.10684174E+05  1.10684174E+05  1.10684174E+05  1.10684174E+05
  1.10684174E+05  1.10684174E+05  1.10684174E+05  1.10684174E+05  1.10684174E+05  1.10684174E+05  1.10684174E+05  1.10684174E+05  1.10684174E+05  1.10684174E+05  1.10684174E+05  1.10684174E+05  1.10684174E+05  1.10684174E+05  1.10684174E+05  1.10684174E+05  1.10684174E+05  1.10684174E+05  1.10684174E+05  1.10684174E+05
  1.10684174E+05  1.10684174E+05  1.10684174E+05  1.10684174E+05  1.10684174E+05  1.10684174E+05  1.10684174E+05  1.10684174E+05  1.10684174E+05  1.10684174E+05  1.10684174E+05  1.10684174E+05  1.10684174E+05  1.10684174E+05  1.10684174E+05  1.10684174E+05  1.10684174E+05  1.10684174E+05  1.10684174E+05  1.10684174E+05
  1.10684174E+05  1.10684174E+05  1.10684174E+05  1.10684174E+05  1.10684174E+05  1.10684174E+05  1.10684174E+05  1.10684174E+05  1.10684174E+05  1.10684174E+05  1.10684174E+05  1.10684174E+05  1.10684174E+05  1.10684174E+05  1.10684174E+05  1.10684174E+05  1.10684174E+05  1.10684174E+05  1.10684174E+05  1.10684174E+05
  1.10684174E+05  1.10684174E+05  1.10684174E+05  1.10684174E+05  1.10684174E+05  1.10684174E+05  1.10684174E+05  1.10684174E+05  1.10684174E+05  1.10684174E+05  1.10684174E+05  1.10684174E+05  1.10684174E+05  1.10684174E+05  1.10684174E+05  1.10684174E+05  1.10684174E+05  1.10684174E+05  1.10684174E+05  1.10684174E+05
  1.10684174E+05  1.10684174E+05  1.10684174E+05  1.10684174E+05  1.10684174E+05  1.10684174E+05  1.10684174E+05  1.10684174E+05  1.10684174E+05  1.10684174E+05  1.10684174E+05  1.10684174E+05  1.10684174E+05  1.10684174E+05  1.10684174E+05  1.10684174E+05  1.10684174E+05  1.10684174E+05  1.10684174E+05  1.10684174E+05
  1.10684174E+05  1.10684174E+05  1.10684174E+05  1.10684174E+05  1.10684174E+05  1.10684174E+05  1.10684174E+05  1.10684174E+05  1.10684174E+05  1.10684174E+05  1.10684174E+05  1.10684174E+05  1.10684174E+05  1.10684174E+05  1.10684174E+05  1.10684174E+05  1.10684174E+05  1.10684174E+05  1.10684174E+05  1.10684174E+05
  1.10684174E+05  1.10684174E+05  1.10684174E+05  1.10684174E+05  1.10684174E+05  1.10684174E+05  1.10684174E+05  1.10684174E+05  1.10684174E+05  1.10684174E+05  1.10684174E+05  1.10684174E+05  1.10684174E+05  1.10684174E+05  1.10684174E+05  1.10684174E+05  1.10684174E+05  1.10684174E+05  1.10684174E+05  1.10684174E+05
  1.10684174E+05  1.10684174E+05  1.10684174E+05  1.10684174E+05  1.10684174E+05  1.10684174E+05  1.10684174E+05  1.10684174E+05  1.10684174E+05  1.10684174E+05  1.10684174E+05  1.10684174E+05  1.10684174E+05  1.10684174E+05  1.10684174E+05  1.10684174E+05  1.10684174E+05  1.10684174E+05  1.10684174E+05  1.10684174E+05
  1.10684174E+05  1.10684174E+05  1.10684174E+05  1.10684174E+05  1.10684174E+05  1.10684174E+05  1.10684174E+05  1.10684174E+05  1.10684174E+05  1.10684174E+05  1.10684174E+05  1.10684174E+05  1.10684174E+05  1.10684174E+05  1.10684174E+05  1.10684174E+05  1.10684174E+05  1.10684174E+05  1.10684174E+05  1.10684174E+05
  1.10684174E+05  1.10684174E+05  1.10684174E+05  1.10684174E+05  1.10684174E+05  1.10684174E+05  1.10684174E+05  1.10684174E+05  1.10684174E+05  1.10684174E+05  1.10684174E+05  1.10684174E+05  1.10684174E+05  1.10684174E+05  1.10684174E+05  1.10684174E+05  1.10684174E+05  1.10684174E+05  1.10684174E+05  1.10684174E+05
  1.10684174E+05  1.10684174E+05  1.10684174E+05  1.10684174E+05  1.10684174E+05  1.10684174E+05  1.10684174E+05  1.10684174E+05  1.10684174E+05  1.10684174E+05  1.10684174E+05  1.10684174E+05  1.10684174E+05  1.10684174E+05  1.10684174E+05  1.10684174E+05  1.10684174E+05  1.10684174E+05  1.10684174E+05  1.10684174E+05
  1.10684174E+05  1.10684174E+05  1.10684174E+05  1.10684174E+05  1.10684174E+05  1.10684174E+05  1.10684174E+05  1.10684174E+05  1.10684174E+05  1.10684174E+05  1.10684174E+05  1.10684174E+05  1.10684174E+05  1.10684174E+05  1.10684174E+05  1.10684174E+05  1.10684174E+05  1.10684174E+05  1.10684174E+05  1.10684174E+05
  1.10684174E+05  1.10684174E+05  1.10684174E+05  1.10684174E+05  1.10684174E+05  1.10684174E+05  1.10684174E+05  1.10684174E+05  1.10684174E+05  1.10684174E+05  1.10684174E+05  1.10684174E+05  1.10684174E+05  1.10684174E+05  1.10684174E+05  1.10684174E+05  1.10684174E+05  1.10684174E+05  1.10684174E+05  1.10684174E+05
  1.10684174E+05  1.10684174E+05  1.10684174E+05  1.10684174E+05  1.10684174E+05  1.10684174E+05  1.10684174E+05  1.10684174E+05  1.10684174E+05  1.10684174E+05  1.10684174E+05  1.10684174E+05  1.10684174E+05  1.10684174E+05  1.10684174E+05  1.10684174E+05  1.10684174E+05  1.10684174E+05  1.10684174E+05  1.10684174E+05
  1.10684174E+05  1.10684174E+05  1.10684174E+05  1.10684174E+05  1.10684174E+05  1.10684174E+05  1.10684174E+05  1.10684174E+05  1.10684174E+05  1.10684174E+05  1.10684174E+05  1.10684174E+05  1.10684174E+05  1.10684174E+05  1.10684174E+05  1.10684174E+05  1.10684174E+05  1.10684174E+05  1.10684174E+05  1.10684174E+05
  1.10684174E+05  1.10684174E+05  1.10684174E+05  1.10684174E+05  1.10684174E+05  1.10684174E+05  1.10684174E+05  1.10684174E+05  1.10684174E+05  1.10684174E+05  1.10684174E+05  1.10684174E+05  1.10684174E+05  1.10684174E+05  1.10684174E+05  1.10684174E+05  1.10684174E+05  1.10684174E+05  1.10684174E+05  1.10684174E+05
  1.10684174E+05  1.10684174E+05  1.10684174E+05  1.10684174E+05  1.10684174E+05  1.10684174E+05  1.10684174E+05  1.10684174E+05  1.10684174E+05  1.10684174E+05  1.10684174E+05  1.10684174E+05  1.10684174E+05  1.10684174E+05  1.10684174E+05  1.10684174E+05  1.10684174E+05  1.10684174E+05  1.10684174E+05  1.10684174E+05
  1.10684174E+05  1.10684174E+05  1.10684174E+05  1.10684174E+05  1.10684174E+05  1.10684174E+05  1.10684174E+05  1.10684174E+05  1.10684174E+05  1.10684174E+05  1.10684174E+05  1.10684174E+05  1.10684174E+05  1.10684174E+05  1.10684174E+05  1.10684174E+05  1.10684174E+05  1.10684174E+05  1.10684174E+05  1.10684174E+05
  1.10684174E+05  1.10684174E+05  1.10684174E+05  1.10684174E+05  1.10684174E+05  1.10684174E+05  1.10684174E+05  1.10684174E+05  1.10684174E+05  1.10684174E+05  1.10684174E+05  1.10684174E+05  1.10684174E+05  1.10684174E+05  1.10684174E+05  1.10684174E+05  1.10684174E+05  1.10684174E+05  1.10684174E+05  1.10684174E+05
  1.10684174E+05  1.10684174E+05  1.10684174E+05  1.10684174E+05  1.10684174E+05  1.10684174E+05  1.10684174E+05  1.10684174E+05  1.10684174E+05  1.10684174E+05  1.10684174E+05  1.10684174E+05  1.10684174E+05  1.10684174E+05  1.10684174E+05  1.10684174E+05  1.10684174E+05  1.10684174E+05  1.10684174E+05  1.10684174E+05
  1.10684174E+05  1.10684174E+05  1.10684174E+05  1.10684174E+05  1.10684174E+05  1.10684174E+05  1.10684174E+05  1.10684174E+05  1.10684174E+05  1.10684174E+05  1.10684174E+05  1.10684174E+05  1.10684174E+05  1.10684174E+05  1.10684174E+05  1.10684174E+05  1.10684174E+05  1.10684174E+05  1.10684174E+05  1.10684174E+05
  1.10684174E+05  1.10684174E+05  1.10684174E+05  1.10684174E+05  1.10684174E+05  1.10684174E+05  1.10684174E+05  1.10684174E+05  1.10684174E+05  1.10684174E+05  1.10684174E+05  1.10684174E+05  1.10684174E+05  1.10684174E+05  1.10684174E+05  1.10684174E+05  1.10684174E+05  1.10684174E+05  1.10684174E+05  1.10684174E+05
  1.10684174E+05  1.10684174E+05  1.10684174E+05  1.10684174E+05  1.10684174E+05  1.10684174E+05  1.10684174E+05  1.10684174E+05  1.10684174E+05  1.10684174E+05  1.10684174E+05  1.10684174E+05  1.10684174E+05  1.10684174E+05  1.10684174E+05  1.10684174E+05  1.10684174E+05  1.10684174E+05  1.10684174E+05  1.10684174E+05
  1.10684174E+05  1.10684174E+05  1.10684174E+05  1.10684174E+05  1.10684174E+05  1.10684174E+05  1.10684174E+05  1.10684174E+05  1.10684174E+05  1.10684174E+05  1.10684174E+05  1.10684174E+05  1.10684174E+05  1.10684174E+05  1.10684174E+05  1.10684174E+05  1.10684174E+05  1.10684174E+05  1.10684174E+05  1.10684174E+05
  1.10684174E+05  1.10684174E+05  1.10684174E+05  1.10684174E+05  1.10684174E+05  1.10684174E+05  1.10684174E+05  1.10684174E+05  1.10684174E+05  1.10684174E+05  1.10684174E+05  1.10684174E+05  1.10684174E+05  1.10684174E+05  1.10684174E+05  1.10684174E+05  1.10684174E+05  1.10684174E+05  1.10684174E+05  1.10684174E+05
  1.10684174E+05  1.10684174E+05  1.10684174E+05  1.10684174E+05  1.10684174E+05  1.10684174E+05  1.10684174E+05  1.10684174E+05  1.10684174E+05  1.10684174E+05  1.10684174E+05  1.10684174E+05  1.10684174E+05  1.10684174E+05  1.10684174E+05  1.10684174E+05  1.10684174E+05  1.10684174E+05  1.10684174E+05  1.10684174E+05
  1.10684174E+05  1.10684174E+05  1.10684174E+05  1.10684174E+05  1.10684174E+05  1.10684174E+05  1.10684174E+05  1.10684174E+05  1.10684174E+05  1.10684174E+05  1.10684174E+05  1.10684174E+05  1.10684174E+05  1.10684174E+05  1.10684174E+05  1.10684174E+05  1.10684174E+05  1.10684174E+05  1.10684174E+05  1.10684174E+05
  1.10684174E+05  1.10684174E+05  1.10684174E+05  1.10684174E+05  1.10684174E+05  1.10684174E+05  1.10684174E+05  1.10684174E+05  1.10684174E+05  1.10684174E+05  1.10684174E+05  1.10684174E+05  1.10684174E+05  1.10684174E+05  1.10684174E+05  1.10684174E+05  1.10684174E+05  1.10684174E+05  1.10684174E+05  1.10684174E+05
  1.10684174E+05  1.10684174E+05  1.10684174E+05  1.10684174E+05  1.10684174E+05  1.10684174E+05  1.10684174E+05  1.10684174E+05  1.10684174E+05  1.10684174E+05  1.10684174E+05  1.10684174E+05  1.10684174E+05  1.10684174E+05  1.10684174E+05  1.10684174E+05  1.10684174E+05  1.10684174E+05  1.10684174E+05  1.10684174E+05
  1.10684174E+05  1.10684174E+05  1.10684174E+05  1.10684174E+05  1.10684174E+05  1.10684174E+05  1.10684174E+05  1.10684174E+05  1.10684174E+05  1.10684174E+05  1.10684174E+05  1.10684174E+05  1.10684174E+05  1.10684174E+05  1.10684174E+05  1.10684174E+05  1.10684174E+05  1.10684174E+05  1.10684174E+05  1.10684174E+05
  1.10684174E+05  1.10684174E+05  1.10684174E+05  1.10684174E+05  1.10684174E+05  1.10684174E+05  1.10684174E+05  1.10684174E+05  1.10684174E+05  1.10684174E+05  1.10684174E+05  1.10684174E+05  1.10684174E+05  1.10684174E+05  1.10684174E+05  1.10684174E+05  1.10684174E+05  1.10684174E+05  1.10684174E+05  1.10684174E+05
  1.10684174E+05  1.10684174E+05  1.10684174E+05  1.10684174E+05  1.10684174E+05  1.10684174E+05  1.10684174E+05  1.10684174E+05  1.10684174E+05  1.10684174E+05  1.10684174E+05  1.10684174E+05  1.10684174E+05  1.10684174E+05  1.10684174E+05  1.10684174E+05  1.10684174E+05  1.10684174E+05  1.10684174E+05  1.10684174E+05
  1.10684174E+05  1.10684174E+05  1.10684174E+05  1.10684174E+05  1.10684174E+05  1.10684174E+05  1.10684174E+05  1.10684174E+05  1.10684174E+05  1.10684174E+05  1.10684174E+05  1.10684174E+05  1.10684174E+05  1.10684174E+05  1.10684174E+05  1.10684174E+05  1.10684174E+05  1.10684174E+05  1.10684174E+05  1.10684174E+05
  1.10684174E+05  1.10684174E+05  1.10684174E+05  1.10684174E+05  1.10684174E+05  1.10684174E+05  1.10684174E+05  1.10684174E+05  1.10684174E+05  1.10684174E+05  1.10684174E+05  1.10684174E+05  1.10684174E+05  1.10684174E+05  1.10684174E+05  1.10684174E+05  1.10684174E+05  1.10684174E+05  1.10684174E+05  1.10684174E+05
  1.10684174E+05  1.10684174E+05  1.10684174E+05  1.10684174E+05  1.10684174E+05  1.10684174E+05  1.10684174E+05  1.10684174E+05  1.10684174E+05  1.10684174E+05  1.10684174E+05  1.10684174E+05  1.10684174E+05  1.10684174E+05  1.10684174E+05  1.10684174E+05  1.10684174E+05  1.10684174E+05  1.10684174E+05  1.10684174E+05
  1.10684174E+05  1.10684174E+05  1.10684174E+05  1.10684174E+05  1.10684174E+05  1.10684174E+05  1.10684174E+05  1.10684174E+05  1.10684174E+05  1.10684174E+05  1.10684174E+05  1.10684174E+05  1.10684174E+05  1.10684174E+05  1.10684174E+05  1.10684174E+05  1.10684174E+05  1.10684174E+05  1.10684174E+05  1.10684174E+05
  1.10684174E+05  1.10684174E+05  1.10684174E+05  1.10684174E+05  1.10684174E+05  1.10684174E+05  1.10684174E+05  1.10684174E+05  1.10684174E+05  1.10684174E+05  1.10684174E+05  1.10684174E+05  1.10684174E+05  1.10684174E+05  1.10684174E+05  1.10684174E+05  1.10684174E+05  1.10684174E+05  1.10684174E+05  1.10684174E+05
  1.10684174E+05  1.10684174E+05  1.10684174E+05  1.10684174E+05  1.10684174E+05  1.10684174E+05  1.10684174E+05  1.10684174E+05  1.10684174E+05  1.10684174E+05  1.10684174E+05  1.10684174E+05  1.10684174E+05  1.10684174E+05  1.10684174E+05  1.10684174E+05  1.10684174E+05  1.10684174E+05  1.10684174E+05  1.10684174E+05
  1.10684174E+05  1.10684174E+05  1.10684174E+05  1.10684174E+05  1.10684174E+05  1.10684174E+05  1.10684174E+05  1.10684174E+05  1.10684174E+05  1.10684174E+05  1.10684174E+05  1.10684174E+05  1.10684174E+05  1.10684174E+05  1.10684174E+05  1.10684174E+05  1.10684174E+05  1.10684174E+05  1.10684174E+05  1.10684174E+05
  1.10684174E+05  1.10684174E+05  1.10684174E+05  1.10684174E+05  1.10684174E+05  1.10684174E+05  1.10684174E+05  1.10684174E+05  1.10684174E+05  1.10684174E+05  1.10684174E+05  1.10684174E+05  1.10684174E+05  1.10684174E+05  1.10684174E+05  1.10684174E+05  1.10684174E+05  1.10684174E+05  1.10684174E+05  1.10684174E+05
  1.10684174E+05  1.10684174E+05  1.10684174E+05  1.10684174E+05  1.10684174E+05  1.10684174E+05  1.10684174E+05  1.10684174E+05  1.10684174E+05  1.10684174E+05  1.10684174E+05  1.10684174E+05  1.10684174E+05  1.10684174E+05  1.10684174E+05  1.10684174E+05  1.10684174E+05  1.10684174E+05  1.10684174E+05  1.10684174E+05
  1.10684174E+05  1.10684174E+05  1.10684174E+05  1.10684174E+05  1.10684174E+05  1.10684174E+05  1.10684174E+05  1.10684174E+05  1.10684174E+05  1.10684174E+05  1.10684174E+05  1.10684174E+05  1.10684174E+05  1.10684174E+05  1.10684174E+05  1.10684174E+05  1.10684174E+05  1.10684174E+05  1.10684174E+05  1.10684174E+05
  1.10684174E+05  1.10684174E+05  1.10684174E+05  1.10684174E+05  1.10684174E+05  1.10684174E+05  1.10684174E+05  1.10684174E+05
