      -0.00212372      -0.00212372      -0.00212372      -0.00212372      -0.00212372      -0.00212372      -0.00212372      -0.00212372      -0.00212372      -0.00212372      -0.00212372      -0.00212372      -0.00212372      -0.00212372      -0.00212372      -0.00212372      -0.00212372      -0.00212372      -0.00212372      -0.00212372
      -0.00212372      -0.00212372      -0.00212372      -0.00212372      -0.00212372      -0.00212372      -0.00212372      -0.00212372      -0.00212372      -0.00212372      -0.00212372      -0.00212372      -0.00212372      -0.00212372      -0.00212372      -0.00212372      -0.00212372      -0.00212372      -0.00212372      -0.00212372
      -0.00212372      -0.00212372      -0.00212372      -0.00212372      -0.00212372      -0.00212372      -0.00212372      -0.00212372      -0.00212372      -0.00212372      -0.00212372      -0.00212372      -0.00212372      -0.00212372      -0.00212372      -0.00212372      -0.00212372      -0.00212372      -0.00212372      -0.00212372
      -0.00212372      -0.00212372      -0.00212372      -0.00212372      -0.00212372      -0.00212372      -0.00212372      -0.00212372      -0.00212372      -0.00212372      -0.00212372      -0.00212372      -0.00212372      -0.00212372      -0.00212372      -0.00212372      -0.00212372      -0.00212372      -0.00212372      -0.00212372
      -0.00212372      -0.00212372      -0.00212372      -0.00212372      -0.00212372      -0.00212372      -0.00212372      -0.00212372      -0.00212372      -0.00212372      -0.00212372      -0.00212372      -0.00212372      -0.00212372      -0.00212372      -0.00212372      -0.00212372      -0.00212372      -0.00212372      -0.00212372
      -0.00212372      -0.00212372      -0.00212372      -0.00212372      -0.00212372      -0.00212372      -0.00212372      -0.00212372      -0.00212372      -0.00212372      -0.00212372      -0.00212372      -0.00212372      -0.00212372      -0.00212372      -0.00212372      -0.00212372      -0.00212372      -0.00212372      -0.00212372
      -0.00212372      -0.00212372      -0.00212372      -0.00212372      -0.00212372      -0.00212372      -0.00212372      -0.00212372      -0.00212372      -0.00212372      -0.00212372      -0.00212372      -0.00212372      -0.00212372      -0.00212372      -0.00212372      -0.00212372      -0.00212372      -0.00212372      -0.00212372
      -0.00212372      -0.00212372      -0.00212372      -0.00212372      -0.00212372      -0.00212372      -0.00212372      -0.00212372      -0.00212372      -0.00212372      -0.00212372      -0.00212372      -0.00212372      -0.00212372      -0.00212372      -0.00212372      -0.00212372      -0.00212372      -0.00212372      -0.00212372
      -0.00212372      -0.00212372      -0.00212372      -0.00212372      -0.00212372      -0.00212372      -0.00212372      -0.00212372      -0.00212372      -0.00212372      -0.00212372      -0.00212372      -0.00212372      -0.00212372      -0.00212372      -0.00212372      -0.00212372      -0.00212372      -0.00212372      -0.00212372
      -0.00212372      -0.00212372      -0.00212372      -0.00212372      -0.00212372      -0.00212372      -0.00212372      -0.00212372      -0.00212372      -0.00212372      -0.00212372      -0.00212372      -0.00212372      -0.00212372      -0.00212372      -0.00212372      -0.00212372      -0.00212372      -0.00212372      -0.00212372
      -0.00212372      -0.00212372      -0.00212372      -0.00212372      -0.00212372      -0.00212372      -0.00212372      -0.00212372      -0.00212372      -0.00212372      -0.00212372      -0.00212372      -0.00212372      -0.00212372      -0.00212372      -0.00212372      -0.00212372      -0.00212372      -0.00212372      -0.00212372
      -0.00212372      -0.00212372      -0.00212372      -0.00212372      -0.00212372      -0.00212372      -0.00212372      -0.00212372      -0.00212372      -0.00212372      -0.00212372      -0.00212372      -0.00212372      -0.00212372      -0.00212372      -0.00212372      -0.00212372      -0.00212372      -0.00212372      -0.00212372
      -0.00212372      -0.00212372      -0.00212372      -0.00212372      -0.00212372      -0.00212372      -0.00212372      -0.00212372      -0.00212372      -0.00212372      -0.00212372      -0.00212372      -0.00212372      -0.00212372      -0.00212372      -0.00212372      -0.00212372      -0.00212372      -0.00212372      -0.00212372
      -0.00212372      -0.00212372      -0.00212372      -0.00212372      -0.00212372      -0.00212372      -0.00212372      -0.00212372      -0.00212372      -0.00212372      -0.00212372      -0.00212372      -0.00212372      -0.00212372      -0.00212372      -0.00212372      -0.00212372      -0.00212372      -0.00212372      -0.00212372
      -0.00212372      -0.00212372      -0.00212372      -0.00212372      -0.00212372      -0.00212372      -0.00212372      -0.00212372      -0.00212372      -0.00212372      -0.00212372      -0.00212372      -0.00212372      -0.00212372      -0.00212372      -0.00212372      -0.00212372      -0.00212372      -0.00212372      -0.00212372
      -0.00212372      -0.00212372      -0.00212372      -0.00212372      -0.00212372      -0.00212372      -0.00212372      -0.00212372      -0.00212372      -0.00212372      -0.00212372      -0.00212372      -0.00212372      -0.00212372      -0.00212372      -0.00212372      -0.00212372      -0.00212372      -0.00212372      -0.00212372
      -0.00212372      -0.00212372      -0.00212372      -0.00212372      -0.00212372      -0.00212372      -0.00212372      -0.00212372      -0.00212372      -0.00212372      -0.00212372      -0.00212372      -0.00212372      -0.00212372      -0.00212372      -0.00212372      -0.00212372      -0.00212372      -0.00212372      -0.00212372
      -0.00212372      -0.00212372      -0.00212372      -0.00212372      -0.00212372      -0.00212372      -0.00212372      -0.00212372      -0.00212372      -0.00212372      -0.00212372      -0.00212372      -0.00212372      -0.00212372      -0.00212372      -0.00212372      -0.00212372      -0.00212372      -0.00212372      -0.00212372
      -0.00212372      -0.00212372      -0.00212372      -0.00212372      -0.00212372      -0.00212372      -0.00212372      -0.00212372      -0.00212372      -0.00212372      -0.00212372      -0.00212372      -0.00212372      -0.00212372      -0.00212372      -0.00212372      -0.00212372      -0.00212372      -0.00212372      -0.00212372
      -0.00212372      -0.00212372      -0.00212372      -0.00212372      -0.00212372      -0.00212372      -0.00212372      -0.00212372      -0.00212372      -0.00212372      -0.00212372      -0.00212372      -0.00212372      -0.00212372      -0.00212372      -0.00212372      -0.00212372      -0.00212372      -0.00212372      -0.00212372
      -0.00212372      -0.00212372      -0.00212372      -0.00212372      -0.00212372      -0.00212372      -0.00212372      -0.00212372      -0.00212372      -0.00212372      -0.00212372      -0.00212372      -0.00212372      -0.00212372      -0.00212372      -0.00212372      -0.00212372      -0.00212372      -0.00212372      -0.00212372
      -0.00212372      -0.00212372      -0.00212372      -0.00212372      -0.00212372      -0.00212372      -0.00212372      -0.00212372      -0.00212372      -0.00212372      -0.00212372      -0.00212372      -0.00212372      -0.00212372      -0.00212372      -0.00212372      -0.00212372      -0.00212372      -0.00212372      -0.00212372
      -0.00212372      -0.00212372      -0.00212372      -0.00212372      -0.00212372      -0.00212372      -0.00212372      -0.00212372      -0.00212372      -0.00212372      -0.00212372      -0.00212372      -0.00212372      -0.00212372      -0.00212372      -0.00212372      -0.00212372      -0.00212372      -0.00212372      -0.00212372
      -0.00212372      -0.00212372      -0.00212372      -0.00212372      -0.00212372      -0.00212372      -0.00212372      -0.00212372      -0.00212372      -0.00212372      -0.00212372      -0.00212372      -0.00212372      -0.00212372      -0.00212372      -0.00212372      -0.00212372      -0.00212372      -0.00212372      -0.00212372
      -0.00212372      -0.00212372      -0.00212372      -0.00212372      -0.00212372      -0.00212372      -0.00212372      -0.00212372      -0.00212372      -0.00212372      -0.00212372      -0.00212372      -0.00212372      -0.00212372      -0.00212372      -0.00212372      -0.00212372      -0.00212372      -0.00212372      -0.00212372
      -0.00212372      -0.00212372      -0.00212372      -0.00212372      -0.00212372      -0.00212372      -0.00212372      -0.00212372      -0.00212372      -0.00212372      -0.00212372      -0.00212372      -0.00212372      -0.00212372      -0.00212372      -0.00212372      -0.00212372      -0.00212372      -0.00212372      -0.00212372
      -0.00212372      -0.00212372      -0.00212372      -0.00212372      -0.00212372      -0.00212372      -0.00212372      -0.00212372      -0.00212372      -0.00212372      -0.00212372      -0.00212372      -0.00212372      -0.00212372      -0.00212372      -0.00212372      -0.00212372      -0.00212372      -0.00212372      -0.00212372
      -0.00212372      -0.00212372      -0.00212372      -0.00212372      -0.00212372      -0.00212372      -0.00212372      -0.00212372      -0.00212372      -0.00212372      -0.00212372      -0.00212372      -0.00212372      -0.00212372      -0.00212372      -0.00212372      -0.00212372      -0.00212372      -0.00212372      -0.00212372
      -0.00212372      -0.00212372      -0.00212372      -0.00212372      -0.00212372      -0.00212372      -0.00212372      -0.00212372      -0.00212372      -0.00212372      -0.00212372      -0.00212372      -0.00212372      -0.00212372      -0.00212372      -0.00212372      -0.00212372      -0.00212372      -0.00212372      -0.00212372
      -0.00212372      -0.00212372      -0.00212372      -0.00212372      -0.00212372      -0.00212372      -0.00212372      -0.00212372      -0.00212372      -0.00212372      -0.00212372      -0.00212372      -0.00212372      -0.00212372      -0.00212372      -0.00212372      -0.00212372      -0.00212372      -0.00212372      -0.00212372
      -0.00212372      -0.00212372      -0.00212372      -0.00212372      -0.00212372      -0.00212372      -0.00212372      -0.00212372      -0.00212372      -0.00212372      -0.00212372      -0.00212372      -0.00212372      -0.00212372      -0.00212372      -0.00212372      -0.00212372      -0.00212372      -0.00212372      -0.00212372
      -0.00212372      -0.00212372      -0.00212372      -0.00212372      -0.00212372      -0.00212372      -0.00212372      -0.00212372      -0.00212372      -0.00212372      -0.00212372      -0.00212372      -0.00212372      -0.00212372      -0.00212372      -0.00212372      -0.00212372      -0.00212372      -0.00212372      -0.00212372
      -0.00212372      -0.00212372      -0.00212372      -0.00212372      -0.00212372      -0.00212372      -0.00212372      -0.00212372      -0.00212372      -0.00212372      -0.00212372      -0.00212372      -0.00212372      -0.00212372      -0.00212372      -0.00212372      -0.00212372      -0.00212372      -0.00212372      -0.00212372
      -0.00212372      -0.00212372      -0.00212372      -0.00212372      -0.00212372      -0.00212372      -0.00212372      -0.00212372      -0.00212372      -0.00212372      -0.00212372      -0.00212372      -0.00212372      -0.00212372      -0.00212372      -0.00212372      -0.00212372      -0.00212372      -0.00212372      -0.00212372
      -0.00212372      -0.00212372      -0.00212372      -0.00212372      -0.00212372      -0.00212372      -0.00212372      -0.00212372      -0.00212372      -0.00212372      -0.00212372      -0.00212372      -0.00212372      -0.00212372      -0.00212372      -0.00212372      -0.00212372      -0.00212372      -0.00212372      -0.00212372
      -0.00212372      -0.00212372      -0.00212372      -0.00212372      -0.00212372      -0.00212372      -0.00212372      -0.00212372      -0.00212372      -0.00212372      -0.00212372      -0.00212372      -0.00212372      -0.00212372      -0.00212372      -0.00212372      -0.00212372      -0.00212372      -0.00212372      -0.00212372
      -0.00212372      -0.00212372      -0.00212372      -0.00212372      -0.00212372      -0.00212372      -0.00212372      -0.00212372      -0.00212372      -0.00212372      -0.00212372      -0.00212372      -0.00212372      -0.00212372      -0.00212372      -0.00212372      -0.00212372      -0.00212372      -0.00212372      -0.00212372
      -0.00212372      -0.00212372      -0.00212372      -0.00212372      -0.00212372      -0.00212372      -0.00212372      -0.00212372      -0.00212372      -0.00212372      -0.00212372      -0.00212372      -0.00212372      -0.00212372      -0.00212372      -0.00212372      -0.00212372      -0.00212372      -0.00212372      -0.00212372
      -0.00212372      -0.00212372      -0.00212372      -0.00212372      -0.00212372      -0.00212372      -0.00212372      -0.00212372      -0.00212372      -0.00212372      -0.00212372      -0.00212372      -0.00212372      -0.00212372      -0.00212372      -0.00212372      -0.00212372      -0.00212372      -0.00212372      -0.00212372
      -0.00212372      -0.00212372      -0.00212372      -0.00212372      -0.00212372      -0.00212372      -0.00212372      -0.00212372      -0.00212372      -0.00212372      -0.00212372      -0.00212372      -0.00212372      -0.00212372      -0.00212372      -0.00212372      -0.00212372      -0.00212372      -0.00212372      -0.00212372
      -0.00212372      -0.00212372      -0.00212372      -0.00212372      -0.00212372      -0.00212372      -0.00212372      -0.00212372      -0.00212372      -0.00212372      -0.00212372      -0.00212372      -0.00212372      -0.00212372      -0.00212372      -0.00212372      -0.00212372      -0.00212372      -0.00212372      -0.00212372
      -0.00212372      -0.00212372      -0.00212372      -0.00212372      -0.00212372      -0.00212372      -0.00212372      -0.00212372      -0.00212372      -0.00212372      -0.00212372      -0.00212372      -0.00212372      -0.00212372      -0.00212372      -0.00212372      -0.00212372      -0.00212372      -0.00212372      -0.00212372
      -0.00212372      -0.00212372      -0.00212372      -0.00212372      -0.00212372      -0.00212372      -0.00212372      -0.00212372      -0.00212372      -0.00212372      -0.00212372      -0.00212372      -0.00212372      -0.00212372      -0.00212372      -0.00212372      -0.00212372      -0.00212372      -0.00212372      -0.00212372
      -0.00212372      -0.00212372      -0.00212372      -0.00212372      -0.00212372      -0.00212372      -0.00212372      -0.00212372      -0.00212372      -0.00212372      -0.00212372      -0.00212372      -0.00212372      -0.00212372      -0.00212372      -0.00212372      -0.00212372      -0.00212372      -0.00212372      -0.00212372
      -0.00212372      -0.00212372      -0.00212372      -0.00212372      -0.00212372      -0.00212372      -0.00212372      -0.00212372      -0.00212372      -0.00212372      -0.00212372      -0.00212372      -0.00212372      -0.00212372      -0.00212372      -0.00212372      -0.00212372      -0.00212372      -0.00212372      -0.00212372
      -0.00212372      -0.00212372      -0.00212372      -0.00212372      -0.00212372      -0.00212372      -0.00212372      -0.00212372      -0.00212372      -0.00212372      -0.00212372      -0.00212372      -0.00212372      -0.00212372      -0.00212372      -0.00212372      -0.00212372      -0.00212372      -0.00212372      -0.00212372
      -0.00212372      -0.00212372      -0.00212372      -0.00212372      -0.00212372      -0.00212372      -0.00212372      -0.00212372      -0.00212372      -0.00212372      -0.00212372      -0.00212372      -0.00212372      -0.00212372      -0.00212372      -0.00212372      -0.00212372      -0.00212372      -0.00212372      -0.00212372
      -0.00212372      -0.00212372      -0.00212372      -0.00212372      -0.00212372      -0.00212372      -0.00212372      -0.00212372      -0.00212372      -0.00212372      -0.00212372      -0.00212372      -0.00212372      -0.00212372      -0.00212372      -0.00212372      -0.00212372      -0.00212372      -0.00212372      -0.00212372
      -0.00212372      -0.00212372      -0.00212372      -0.00212372      -0.00212372      -0.00212372      -0.00212372      -0.00212372      -0.00212372      -0.00212372      -0.00212372      -0.00212372      -0.00212372      -0.00212372      -0.00212372      -0.00212372      -0.00212372      -0.00212372      -0.00212372      -0.00212372
      -0.00212372      -0.00212372      -0.00212372      -0.00212372      -0.00212372      -0.00212372      -0.00212372      -0.00212372      -0.00212372      -0.00212372      -0.00212372      -0.00212372      -0.00212372      -0.00212372      -0.00212372      -0.00212372      -0.00212372      -0.00212372      -0.00212372      -0.00212372
      -0.00212372      -0.00212372      -0.00212372      -0.00212372      -0.00212372      -0.00212372      -0.00212372      -0.00212372      -0.00212372      -0.00212372      -0.00212372      -0.00212372      -0.00212372      -0.00212372      -0.00212372      -0.00212372      -0.00212372      -0.00212372      -0.00212372      -0.00212372
      -0.00212372      -0.00212372      -0.00212372      -0.00212372      -0.00212372      -0.00212372      -0.00212372      -0.00212372
