  2.43190661E-04  2.43190661E-04  2.43190661E-04  2.43190661E-04  2.43190661E-04  2.43190661E-04  2.43190661E-04  2.43190661E-04  2.43190661E-04  2.43190661E-04  2.43190661E-04  2.43190661E-04  2.43190661E-04  2.43190661E-04  2.43190661E-04  2.43190661E-04  2.43190661E-04  2.43190661E-04  2.43190661E-04  2.43190661E-04
  2.43190661E-04  2.43190661E-04  2.43190661E-04  2.43190661E-04  2.43190661E-04  2.43190661E-04  2.43190661E-04  2.43190661E-04  2.43190661E-04  2.43190661E-04  2.43190661E-04  2.43190661E-04  2.43190661E-04  2.43190661E-04  2.43190661E-04  2.43190661E-04  2.43190661E-04  2.43190661E-04  2.43190661E-04  2.43190661E-04
  2.43190661E-04  2.43190661E-04  2.43190661E-04  2.43190661E-04  2.43190661E-04  2.43190661E-04  2.43190661E-04  2.43190661E-04  2.43190661E-04  2.43190661E-04  2.43190661E-04  2.43190661E-04  2.43190661E-04  2.43190661E-04  2.43190661E-04  2.43190661E-04  2.43190661E-04  2.43190661E-04  2.43190661E-04  2.43190661E-04
  2.43190661E-04  2.43190661E-04  2.43190661E-04  2.43190661E-04  2.43190661E-04  2.43190661E-04  2.43190661E-04  2.43190661E-04  2.43190661E-04  2.43190661E-04  2.43190661E-04  2.43190661E-04  2.43190661E-04  2.43190661E-04  2.43190661E-04  2.43190661E-04  2.43190661E-04  2.43190661E-04  2.43190661E-04  2.43190661E-04
  2.43190661E-04  2.43190661E-04  2.43190661E-04  2.43190661E-04  2.43190661E-04  2.43190661E-04  2.43190661E-04  2.43190661E-04  2.43190661E-04  2.43190661E-04  2.43190661E-04  2.43190661E-04  2.43190661E-04  2.43190661E-04  2.43190661E-04  2.43190661E-04  2.43190661E-04  2.43190661E-04  2.43190661E-04  2.43190661E-04
  2.43190661E-04  2.43190661E-04  2.43190661E-04  2.43190661E-04  2.43190661E-04  2.43190661E-04  2.43190661E-04  2.43190661E-04  2.43190661E-04  2.43190661E-04  2.43190661E-04  2.43190661E-04  2.43190661E-04  2.43190661E-04  2.43190661E-04  2.43190661E-04  2.43190661E-04  2.43190661E-04  2.43190661E-04  2.43190661E-04
  2.43190661E-04  2.43190661E-04  2.43190661E-04  2.43190661E-04  2.43190661E-04  2.43190661E-04  2.43190661E-04  2.43190661E-04  2.43190661E-04  2.43190661E-04  2.43190661E-04  2.43190661E-04  2.43190661E-04  2.43190661E-04  2.43190661E-04  2.43190661E-04  2.43190661E-04  2.43190661E-04  2.43190661E-04  2.43190661E-04
  2.43190661E-04  2.43190661E-04  2.43190661E-04  2.43190661E-04  2.43190661E-04  2.43190661E-04  2.43190661E-04  2.43190661E-04  2.43190661E-04  2.43190661E-04  2.43190661E-04  2.43190661E-04  2.43190661E-04  2.43190661E-04  2.43190661E-04  2.43190661E-04  2.43190661E-04  2.43190661E-04  2.43190661E-04  2.43190661E-04
  2.43190661E-04  2.43190661E-04  2.43190661E-04  2.43190661E-04  2.43190661E-04  2.43190661E-04  2.43190661E-04  2.43190661E-04  2.43190661E-04  2.43190661E-04  2.43190661E-04  2.43190661E-04  2.43190661E-04  2.43190661E-04  2.43190661E-04  2.43190661E-04  2.43190661E-04  2.43190661E-04  2.43190661E-04  2.43190661E-04
  2.43190661E-04  2.43190661E-04  2.43190661E-04  2.43190661E-04  2.43190661E-04  2.43190661E-04  2.43190661E-04  2.43190661E-04  2.43190661E-04  2.43190661E-04  2.43190661E-04  2.43190661E-04  2.43190661E-04  2.43190661E-04  2.43190661E-04  2.43190661E-04  2.43190661E-04  2.43190661E-04  2.43190661E-04  2.43190661E-04
  2.43190661E-04  2.43190661E-04  2.43190661E-04  2.43190661E-04  2.43190661E-04  2.43190661E-04  2.43190661E-04  2.43190661E-04  2.43190661E-04  2.43190661E-04  2.43190661E-04  2.43190661E-04  2.43190661E-04  2.43190661E-04  2.43190661E-04  2.43190661E-04  2.43190661E-04  2.43190661E-04  2.43190661E-04  2.43190661E-04
  2.43190661E-04  2.43190661E-04  2.43190661E-04  2.43190661E-04  2.43190661E-04  2.43190661E-04  2.43190661E-04  2.43190661E-04  2.43190661E-04  2.43190661E-04  2.43190661E-04  2.43190661E-04  2.43190661E-04  2.43190661E-04  2.43190661E-04  2.43190661E-04  2.43190661E-04  2.43190661E-04  2.43190661E-04  2.43190661E-04
  2.43190661E-04  2.43190661E-04  2.43190661E-04  2.43190661E-04  2.43190661E-04  2.43190661E-04  2.43190661E-04  2.43190661E-04  2.43190661E-04  2.43190661E-04  2.43190661E-04  2.43190661E-04  2.43190661E-04  2.43190661E-04  2.43190661E-04  2.43190661E-04  2.43190661E-04  2.43190661E-04  2.43190661E-04  2.43190661E-04
  2.43190661E-04  2.43190661E-04  2.43190661E-04  2.43190661E-04  2.43190661E-04  2.43190661E-04  2.43190661E-04  2.43190661E-04  2.43190661E-04  2.43190661E-04  2.43190661E-04  2.43190661E-04  2.43190661E-04  2.43190661E-04  2.43190661E-04  2.43190661E-04  2.43190661E-04  2.43190661E-04  2.43190661E-04  2.43190661E-04
  2.43190661E-04  2.43190661E-04  2.43190661E-04  2.43190661E-04  2.43190661E-04  2.43190661E-04  2.43190661E-04  2.43190661E-04  2.43190661E-04  2.43190661E-04  2.43190661E-04  2.43190661E-04  2.43190661E-04  2.43190661E-04  2.43190661E-04  2.43190661E-04  2.43190661E-04  2.43190661E-04  2.43190661E-04  2.43190661E-04
  2.43190661E-04  2.43190661E-04  2.43190661E-04  2.43190661E-04  2.43190661E-04  2.43190661E-04  2.43190661E-04  2.43190661E-04  2.43190661E-04  2.43190661E-04  2.43190661E-04  2.43190661E-04  2.43190661E-04  2.43190661E-04  2.43190661E-04  2.43190661E-04  2.43190661E-04  2.43190661E-04  2.43190661E-04  2.43190661E-04
  2.43190661E-04  2.43190661E-04  2.43190661E-04  2.43190661E-04  2.43190661E-04  2.43190661E-04  2.43190661E-04  2.43190661E-04  2.43190661E-04  2.43190661E-04  2.43190661E-04  2.43190661E-04  2.43190661E-04  2.43190661E-04  2.43190661E-04  2.43190661E-04  2.43190661E-04  2.43190661E-04  2.43190661E-04  2.43190661E-04
  2.43190661E-04  2.43190661E-04  2.43190661E-04  2.43190661E-04  2.43190661E-04  2.43190661E-04  2.43190661E-04  2.43190661E-04  2.43190661E-04  2.43190661E-04  2.43190661E-04  2.43190661E-04  2.43190661E-04  2.43190661E-04  2.43190661E-04  2.43190661E-04  2.43190661E-04  2.43190661E-04  2.43190661E-04  2.43190661E-04
  2.43190661E-04  2.43190661E-04  2.43190661E-04  2.43190661E-04  2.43190661E-04  2.43190661E-04  2.43190661E-04  2.43190661E-04  2.43190661E-04  2.43190661E-04  2.43190661E-04  2.43190661E-04  2.43190661E-04  2.43190661E-04  2.43190661E-04  2.43190661E-04  2.43190661E-04  2.43190661E-04  2.43190661E-04  2.43190661E-04
  2.43190661E-04  2.43190661E-04  2.43190661E-04  2.43190661E-04  2.43190661E-04  2.43190661E-04  2.43190661E-04  2.43190661E-04  2.43190661E-04  2.43190661E-04  2.43190661E-04  2.43190661E-04  2.43190661E-04  2.43190661E-04  2.43190661E-04  2.43190661E-04  2.43190661E-04  2.43190661E-04  2.43190661E-04  2.43190661E-04
  2.43190661E-04  2.43190661E-04  2.43190661E-04  2.43190661E-04  2.43190661E-04  2.43190661E-04  2.43190661E-04  2.43190661E-04  2.43190661E-04  2.43190661E-04  2.43190661E-04  2.43190661E-04  2.43190661E-04  2.43190661E-04  2.43190661E-04  2.43190661E-04  2.43190661E-04  2.43190661E-04  2.43190661E-04  2.43190661E-04
  2.43190661E-04  2.43190661E-04  2.43190661E-04  2.43190661E-04  2.43190661E-04  2.43190661E-04  2.43190661E-04  2.43190661E-04  2.43190661E-04  2.43190661E-04  2.43190661E-04  2.43190661E-04  2.43190661E-04  2.43190661E-04  2.43190661E-04  2.43190661E-04  2.43190661E-04  2.43190661E-04  2.43190661E-04  2.43190661E-04
  2.43190661E-04  2.43190661E-04  2.43190661E-04  2.43190661E-04  2.43190661E-04  2.43190661E-04  2.43190661E-04  2.43190661E-04  2.43190661E-04  2.43190661E-04  2.43190661E-04  2.43190661E-04  2.43190661E-04  2.43190661E-04  2.43190661E-04  2.43190661E-04  2.43190661E-04  2.43190661E-04  2.43190661E-04  2.43190661E-04
  2.43190661E-04  2.43190661E-04  2.43190661E-04  2.43190661E-04  2.43190661E-04  2.43190661E-04  2.43190661E-04  2.43190661E-04  2.43190661E-04  2.43190661E-04  2.43190661E-04  2.43190661E-04  2.43190661E-04  2.43190661E-04  2.43190661E-04  2.43190661E-04  2.43190661E-04  2.43190661E-04  2.43190661E-04  2.43190661E-04
  2.43190661E-04  2.43190661E-04  2.43190661E-04  2.43190661E-04  2.43190661E-04  2.43190661E-04  2.43190661E-04  2.43190661E-04  2.43190661E-04  2.43190661E-04  2.43190661E-04  2.43190661E-04  2.43190661E-04  2.43190661E-04  2.43190661E-04  2.43190661E-04  2.43190661E-04  2.43190661E-04  2.43190661E-04  2.43190661E-04
  2.43190661E-04  2.43190661E-04  2.43190661E-04  2.43190661E-04  2.43190661E-04  2.43190661E-04  2.43190661E-04  2.43190661E-04  2.43190661E-04  2.43190661E-04  2.43190661E-04  2.43190661E-04  2.43190661E-04  2.43190661E-04  2.43190661E-04  2.43190661E-04  2.43190661E-04  2.43190661E-04  2.43190661E-04  2.43190661E-04
  2.43190661E-04  2.43190661E-04  2.43190661E-04  2.43190661E-04  2.43190661E-04  2.43190661E-04  2.43190661E-04  2.43190661E-04  2.43190661E-04  2.43190661E-04  2.43190661E-04  2.43190661E-04  2.43190661E-04  2.43190661E-04  2.43190661E-04  2.43190661E-04  2.43190661E-04  2.43190661E-04  2.43190661E-04  2.43190661E-04
  2.43190661E-04  2.43190661E-04  2.43190661E-04  2.43190661E-04  2.43190661E-04  2.43190661E-04  2.43190661E-04  2.43190661E-04  2.43190661E-04  2.43190661E-04  2.43190661E-04  2.43190661E-04  2.43190661E-04  2.43190661E-04  2.43190661E-04  2.43190661E-04  2.43190661E-04  2.43190661E-04  2.43190661E-04  2.43190661E-04
  2.43190661E-04  2.43190661E-04  2.43190661E-04  2.43190661E-04  2.43190661E-04  2.43190661E-04  2.43190661E-04  2.43190661E-04  2.43190661E-04  2.43190661E-04  2.43190661E-04  2.43190661E-04  2.43190661E-04  2.43190661E-04  2.43190661E-04  2.43190661E-04  2.43190661E-04  2.43190661E-04  2.43190661E-04  2.43190661E-04
  2.43190661E-04  2.43190661E-04  2.43190661E-04  2.43190661E-04  2.43190661E-04  2.43190661E-04  2.43190661E-04  2.43190661E-04  2.43190661E-04  2.43190661E-04  2.43190661E-04  2.43190661E-04  2.43190661E-04  2.43190661E-04  2.43190661E-04  2.43190661E-04  2.43190661E-04  2.43190661E-04  2.43190661E-04  2.43190661E-04
  2.43190661E-04  2.43190661E-04  2.43190661E-04  2.43190661E-04  2.43190661E-04  2.43190661E-04  2.43190661E-04  2.43190661E-04  2.43190661E-04  2.43190661E-04  2.43190661E-04  2.43190661E-04  2.43190661E-04  2.43190661E-04  2.43190661E-04  2.43190661E-04  2.43190661E-04  2.43190661E-04  2.43190661E-04  2.43190661E-04
  2.43190661E-04  2.43190661E-04  2.43190661E-04  2.43190661E-04  2.43190661E-04  2.43190661E-04  2.43190661E-04  2.43190661E-04  2.43190661E-04  2.43190661E-04  2.43190661E-04  2.43190661E-04  2.43190661E-04  2.43190661E-04  2.43190661E-04  2.43190661E-04  2.43190661E-04  2.43190661E-04  2.43190661E-04  2.43190661E-04
  2.43190661E-04  2.43190661E-04  2.43190661E-04  2.43190661E-04  2.43190661E-04  2.43190661E-04  2.43190661E-04  2.43190661E-04  2.43190661E-04  2.43190661E-04  2.43190661E-04  2.43190661E-04  2.43190661E-04  2.43190661E-04  2.43190661E-04  2.43190661E-04  2.43190661E-04  2.43190661E-04  2.43190661E-04  2.43190661E-04
  2.43190661E-04  2.43190661E-04  2.43190661E-04  2.43190661E-04  2.43190661E-04  2.43190661E-04  2.43190661E-04  2.43190661E-04  2.43190661E-04  2.43190661E-04  2.43190661E-04  2.43190661E-04  2.43190661E-04  2.43190661E-04  2.43190661E-04  2.43190661E-04  2.43190661E-04  2.43190661E-04  2.43190661E-04  2.43190661E-04
  2.43190661E-04  2.43190661E-04  2.43190661E-04  2.43190661E-04  2.43190661E-04  2.43190661E-04  2.43190661E-04  2.43190661E-04  2.43190661E-04  2.43190661E-04  2.43190661E-04  2.43190661E-04  2.43190661E-04  2.43190661E-04  2.43190661E-04  2.43190661E-04  2.43190661E-04  2.43190661E-04  2.43190661E-04  2.43190661E-04
  2.43190661E-04  2.43190661E-04  2.43190661E-04  2.43190661E-04  2.43190661E-04  2.43190661E-04  2.43190661E-04  2.43190661E-04  2.43190661E-04  2.43190661E-04  2.43190661E-04  2.43190661E-04  2.43190661E-04  2.43190661E-04  2.43190661E-04  2.43190661E-04  2.43190661E-04  2.43190661E-04  2.43190661E-04  2.43190661E-04
  2.43190661E-04  2.43190661E-04  2.43190661E-04  2.43190661E-04  2.43190661E-04  2.43190661E-04  2.43190661E-04  2.43190661E-04  2.43190661E-04  2.43190661E-04  2.43190661E-04  2.43190661E-04  2.43190661E-04  2.43190661E-04  2.43190661E-04  2.43190661E-04  2.43190661E-04  2.43190661E-04  2.43190661E-04  2.43190661E-04
  2.43190661E-04  2.43190661E-04  2.43190661E-04  2.43190661E-04  2.43190661E-04  2.43190661E-04  2.43190661E-04  2.43190661E-04  2.43190661E-04  2.43190661E-04  2.43190661E-04  2.43190661E-04  2.43190661E-04  2.43190661E-04  2.43190661E-04  2.43190661E-04  2.43190661E-04  2.43190661E-04  2.43190661E-04  2.43190661E-04
  2.43190661E-04  2.43190661E-04  2.43190661E-04  2.43190661E-04  2.43190661E-04  2.43190661E-04  2.43190661E-04  2.43190661E-04  2.43190661E-04  2.43190661E-04  2.43190661E-04  2.43190661E-04  2.43190661E-04  2.43190661E-04  2.43190661E-04  2.43190661E-04  2.43190661E-04  2.43190661E-04  2.43190661E-04  2.43190661E-04
  2.43190661E-04  2.43190661E-04  2.43190661E-04  2.43190661E-04  2.43190661E-04  2.43190661E-04  2.43190661E-04  2.43190661E-04  2.43190661E-04  2.43190661E-04  2.43190661E-04  2.43190661E-04  2.43190661E-04  2.43190661E-04  2.43190661E-04  2.43190661E-04  2.43190661E-04  2.43190661E-04  2.43190661E-04  2.43190661E-04
  2.43190661E-04  2.43190661E-04  2.43190661E-04  2.43190661E-04  2.43190661E-04  2.43190661E-04  2.43190661E-04  2.43190661E-04  2.43190661E-04  2.43190661E-04  2.43190661E-04  2.43190661E-04  2.43190661E-04  2.43190661E-04  2.43190661E-04  2.43190661E-04  2.43190661E-04  2.43190661E-04  2.43190661E-04  2.43190661E-04
  2.43190661E-04  2.43190661E-04  2.43190661E-04  2.43190661E-04  2.43190661E-04  2.43190661E-04  2.43190661E-04  2.43190661E-04  2.43190661E-04  2.43190661E-04  2.43190661E-04  2.43190661E-04  2.43190661E-04  2.43190661E-04  2.43190661E-04  2.43190661E-04  2.43190661E-04  2.43190661E-04  2.43190661E-04  2.43190661E-04
  2.43190661E-04  2.43190661E-04  2.43190661E-04  2.43190661E-04  2.43190661E-04  2.43190661E-04  2.43190661E-04  2.43190661E-04  2.43190661E-04  2.43190661E-04  2.43190661E-04  2.43190661E-04  2.43190661E-04  2.43190661E-04  2.43190661E-04  2.43190661E-04  2.43190661E-04  2.43190661E-04  2.43190661E-04  2.43190661E-04
  2.43190661E-04  2.43190661E-04  2.43190661E-04  2.43190661E-04  2.43190661E-04  2.43190661E-04  2.43190661E-04  2.43190661E-04  2.43190661E-04  2.43190661E-04  2.43190661E-04  2.43190661E-04  2.43190661E-04  2.43190661E-04  2.43190661E-04  2.43190661E-04  2.43190661E-04  2.43190661E-04  2.43190661E-04  2.43190661E-04
  2.43190661E-04  2.43190661E-04  2.43190661E-04  2.43190661E-04  2.43190661E-04  2.43190661E-04  2.43190661E-04  2.43190661E-04  2.43190661E-04  2.43190661E-04  2.43190661E-04  2.43190661E-04  2.43190661E-04  2.43190661E-04  2.43190661E-04  2.43190661E-04  2.43190661E-04  2.43190661E-04  2.43190661E-04  2.43190661E-04
  2.43190661E-04  2.43190661E-04  2.43190661E-04  2.43190661E-04  2.43190661E-04  2.43190661E-04  2.43190661E-04  2.43190661E-04  2.43190661E-04  2.43190661E-04  2.43190661E-04  2.43190661E-04  2.43190661E-04  2.43190661E-04  2.43190661E-04  2.43190661E-04  2.43190661E-04  2.43190661E-04  2.43190661E-04  2.43190661E-04
  2.43190661E-04  2.43190661E-04  2.43190661E-04  2.43190661E-04  2.43190661E-04  2.43190661E-04  2.43190661E-04  2.43190661E-04  2.43190661E-04  2.43190661E-04  2.43190661E-04  2.43190661E-04  2.43190661E-04  2.43190661E-04  2.43190661E-04  2.43190661E-04  2.43190661E-04  2.43190661E-04  2.43190661E-04  2.43190661E-04
  2.43190661E-04  2.43190661E-04  2.43190661E-04  2.43190661E-04  2.43190661E-04  2.43190661E-04  2.43190661E-04  2.43190661E-04  2.43190661E-04  2.43190661E-04  2.43190661E-04  2.43190661E-04  2.43190661E-04  2.43190661E-04  2.43190661E-04  2.43190661E-04  2.43190661E-04  2.43190661E-04  2.43190661E-04  2.43190661E-04
  2.43190661E-04  2.43190661E-04  2.43190661E-04  2.43190661E-04  2.43190661E-04  2.43190661E-04  2.43190661E-04  2.43190661E-04  2.43190661E-04  2.43190661E-04  2.43190661E-04  2.43190661E-04  2.43190661E-04  2.43190661E-04  2.43190661E-04  2.43190661E-04  2.43190661E-04  2.43190661E-04  2.43190661E-04  2.43190661E-04
  2.43190661E-04  2.43190661E-04  2.43190661E-04  2.43190661E-04  2.43190661E-04  2.43190661E-04  2.43190661E-04  2.43190661E-04  2.43190661E-04  2.43190661E-04  2.43190661E-04  2.43190661E-04  2.43190661E-04  2.43190661E-04  2.43190661E-04  2.43190661E-04  2.43190661E-04  2.43190661E-04  2.43190661E-04  2.43190661E-04
  2.43190661E-04  2.43190661E-04  2.43190661E-04  2.43190661E-04  2.43190661E-04  2.43190661E-04  2.43190661E-04  2.43190661E-04  2.43190661E-04  2.43190661E-04  2.43190661E-04  2.43190661E-04  2.43190661E-04  2.43190661E-04  2.43190661E-04  2.43190661E-04  2.43190661E-04  2.43190661E-04  2.43190661E-04  2.43190661E-04
  2.43190661E-04  2.43190661E-04  2.43190661E-04  2.43190661E-04  2.43190661E-04  2.43190661E-04  2.43190661E-04  2.43190661E-04
