   55342.08547170   55342.08547170   55342.08547170   55342.08547170   55342.08547170   55342.08547170   55342.08547170   55342.08547170   55342.08547170   55342.08547170   55342.08547170   55342.08547170   55342.08547170   55342.08547170   55342.08547170   55342.08547170   55342.08547170   55342.08547170   55342.08547170   55342.08547170
   55342.08547170   55342.08547170   55342.08547170   55342.08547170   55342.08547170   55342.08547170   55342.08547170   55342.08547170   55342.08547170   55342.08547170   55342.08547170   55342.08547170   55342.08547170   55342.08547170   55342.08547170   55342.08547170   55342.08547170   55342.08547170   55342.08547170   55342.08547170
   55342.08547170   55342.08547170   55342.08547170   55342.08547170   55342.08547170   55342.08547170   55342.08547170   55342.08547170   55342.08547170   55342.08547170   55342.08547170   55342.08547170   55342.08547170   55342.08547170   55342.08547170   55342.08547170   55342.08547170   55342.08547170   55342.08547170   55342.08547170
   55342.08547170   55342.08547170   55342.08547170   55342.08547170   55342.08547170   55342.08547170   55342.08547170   55342.08547170   55342.08547170   55342.08547170   55342.08547170   55342.08547170   55342.08547170   55342.08547170   55342.08547170   55342.08547170   55342.08547170   55342.08547170   55342.08547170   55342.08547170
   55342.08547170   55342.08547170   55342.08547170   55342.08547170   55342.08547170   55342.08547170   55342.08547170   55342.08547170   55342.08547170   55342.08547170   55342.08547170   55342.08547170   55342.08547170   55342.08547170   55342.08547170   55342.08547170   55342.08547170   55342.08547170   55342.08547170   55342.08547170
   55342.08547170   55342.08547170   55342.08547170   55342.08547170   55342.08547170   55342.08547170   55342.08547170   55342.08547170   55342.08547170   55342.08547170   55342.08547170   55342.08547170   55342.08547170   55342.08547170   55342.08547170   55342.08547170   55342.08547170   55342.08547170   55342.08547170   55342.08547170
   55342.08547170   55342.08547170   55342.08547170   55342.08547170   55342.08547170   55342.08547170   55342.08547170   55342.08547170   55342.08547170   55342.08547170   55342.08547170   55342.08547170   55342.08547170   55342.08547170   55342.08547170   55342.08547170   55342.08547170   55342.08547170   55342.08547170   55342.08547170
   55342.08547170   55342.08547170   55342.08547170   55342.08547170   55342.08547170   55342.08547170   55342.08547170   55342.08547170   55342.08547170   55342.08547170   55342.08547170   55342.08547170   55342.08547170   55342.08547170   55342.08547170   55342.08547170   55342.08547170   55342.08547170   55342.08547170   55342.08547170
   55342.08547170   55342.08547170   55342.08547170   55342.08547170   55342.08547170   55342.08547170   55342.08547170   55342.08547170   55342.08547170   55342.08547170   55342.08547170   55342.08547170   55342.08547170   55342.08547170   55342.08547170   55342.08547170   55342.08547170   55342.08547170   55342.08547170   55342.08547170
   55342.08547170   55342.08547170   55342.08547170   55342.08547170   55342.08547170   55342.08547170   55342.08547170   55342.08547170   55342.08547170   55342.08547170   55342.08547170   55342.08547170   55342.08547170   55342.08547170   55342.08547170   55342.08547170   55342.08547170   55342.08547170   55342.08547170   55342.08547170
   55342.08547170   55342.08547170   55342.08547170   55342.08547170   55342.08547170   55342.08547170   55342.08547170   55342.08547170   55342.08547170   55342.08547170   55342.08547170   55342.08547170   55342.08547170   55342.08547170   55342.08547170   55342.08547170   55342.08547170   55342.08547170   55342.08547170   55342.08547170
   55342.08547170   55342.08547170   55342.08547170   55342.08547170   55342.08547170   55342.08547170   55342.08547170   55342.08547170   55342.08547170   55342.08547170   55342.08547170   55342.08547170   55342.08547170   55342.08547170   55342.08547170   55342.08547170   55342.08547170   55342.08547170   55342.08547170   55342.08547170
   55342.08547170   55342.08547170   55342.08547170   55342.08547170   55342.08547170   55342.08547170   55342.08547170   55342.08547170   55342.08547170   55342.08547170   55342.08547170   55342.08547170   55342.08547170   55342.08547170   55342.08547170   55342.08547170   55342.08547170   55342.08547170   55342.08547170   55342.08547170
   55342.08547170   55342.08547170   55342.08547170   55342.08547170   55342.08547170   55342.08547170   55342.08547170   55342.08547170   55342.08547170   55342.08547170   55342.08547170   55342.08547170   55342.08547170   55342.08547170   55342.08547170   55342.08547170   55342.08547170   55342.08547170   55342.08547170   55342.08547170
   55342.08547170   55342.08547170   55342.08547170   55342.08547170   55342.08547170   55342.08547170   55342.08547170   55342.08547170   55342.08547170   55342.08547170   55342.08547170   55342.08547170   55342.08547170   55342.08547170   55342.08547170   55342.08547170   55342.08547170   55342.08547170   55342.08547170   55342.08547170
   55342.08547170   55342.08547170   55342.08547170   55342.08547170   55342.08547170   55342.08547170   55342.08547170   55342.08547170   55342.08547170   55342.08547170   55342.08547170   55342.08547170   55342.08547170   55342.08547170   55342.08547170   55342.08547170   55342.08547170   55342.08547170   55342.08547170   55342.08547170
   55342.08547170   55342.08547170   55342.08547170   55342.08547170   55342.08547170   55342.08547170   55342.08547170   55342.08547170   55342.08547170   55342.08547170   55342.08547170   55342.08547170   55342.08547170   55342.08547170   55342.08547170   55342.08547170   55342.08547170   55342.08547170   55342.08547170   55342.08547170
   55342.08547170   55342.08547170   55342.08547170   55342.08547170   55342.08547170   55342.08547170   55342.08547170   55342.08547170   55342.08547170   55342.08547170   55342.08547170   55342.08547170   55342.08547170   55342.08547170   55342.08547170   55342.08547170   55342.08547170   55342.08547170   55342.08547170   55342.08547170
   55342.08547170   55342.08547170   55342.08547170   55342.08547170   55342.08547170   55342.08547170   55342.08547170   55342.08547170   55342.08547170   55342.08547170   55342.08547170   55342.08547170   55342.08547170   55342.08547170   55342.08547170   55342.08547170   55342.08547170   55342.08547170   55342.08547170   55342.08547170
   55342.08547170   55342.08547170   55342.08547170   55342.08547170   55342.08547170   55342.08547170   55342.08547170   55342.08547170   55342.08547170   55342.08547170   55342.08547170   55342.08547170   55342.08547170   55342.08547170   55342.08547170   55342.08547170   55342.08547170   55342.08547170   55342.08547170   55342.08547170
   55342.08547170   55342.08547170   55342.08547170   55342.08547170   55342.08547170   55342.08547170   55342.08547170   55342.08547170   55342.08547170   55342.08547170   55342.08547170   55342.08547170   55342.08547170   55342.08547170   55342.08547170   55342.08547170   55342.08547170   55342.08547170   55342.08547170   55342.08547170
   55342.08547170   55342.08547170   55342.08547170   55342.08547170   55342.08547170   55342.08547170   55342.08547170   55342.08547170   55342.08547170   55342.08547170   55342.08547170   55342.08547170   55342.08547170   55342.08547170   55342.08547170   55342.08547170   55342.08547170   55342.08547170   55342.08547170   55342.08547170
   55342.08547170   55342.08547170   55342.08547170   55342.08547170   55342.08547170   55342.08547170   55342.08547170   55342.08547170   55342.08547170   55342.08547170   55342.08547170   55342.08547170   55342.08547170   55342.08547170   55342.08547170   55342.08547170   55342.08547170   55342.08547170   55342.08547170   55342.08547170
   55342.08547170   55342.08547170   55342.08547170   55342.08547170   55342.08547170   55342.08547170   55342.08547170   55342.08547170   55342.08547170   55342.08547170   55342.08547170   55342.08547170   55342.08547170   55342.08547170   55342.08547170   55342.08547170   55342.08547170   55342.08547170   55342.08547170   55342.08547170
   55342.08547170   55342.08547170   55342.08547170   55342.08547170   55342.08547170   55342.08547170   55342.08547170   55342.08547170   55342.08547170   55342.08547170   55342.08547170   55342.08547170   55342.08547170   55342.08547170   55342.08547170   55342.08547170   55342.08547170   55342.08547170   55342.08547170   55342.08547170
   55342.08547170   55342.08547170   55342.08547170   55342.08547170   55342.08547170   55342.08547170   55342.08547170   55342.08547170   55342.08547170   55342.08547170   55342.08547170   55342.08547170   55342.08547170   55342.08547170   55342.08547170   55342.08547170   55342.08547170   55342.08547170   55342.08547170   55342.08547170
   55342.08547170   55342.08547170   55342.08547170   55342.08547170   55342.08547170   55342.08547170   55342.08547170   55342.08547170   55342.08547170   55342.08547170   55342.08547170   55342.08547170   55342.08547170   55342.08547170   55342.08547170   55342.08547170   55342.08547170   55342.08547170   55342.08547170   55342.08547170
   55342.08547170   55342.08547170   55342.08547170   55342.08547170   55342.08547170   55342.08547170   55342.08547170   55342.08547170   55342.08547170   55342.08547170   55342.08547170   55342.08547170   55342.08547170   55342.08547170   55342.08547170   55342.08547170   55342.08547170   55342.08547170   55342.08547170   55342.08547170
   55342.08547170   55342.08547170   55342.08547170   55342.08547170   55342.08547170   55342.08547170   55342.08547170   55342.08547170   55342.08547170   55342.08547170   55342.08547170   55342.08547170   55342.08547170   55342.08547170   55342.08547170   55342.08547170   55342.08547170   55342.08547170   55342.08547170   55342.08547170
   55342.08547170   55342.08547170   55342.08547170   55342.08547170   55342.08547170   55342.08547170   55342.08547170   55342.08547170   55342.08547170   55342.08547170   55342.08547170   55342.08547170   55342.08547170   55342.08547170   55342.08547170   55342.08547170   55342.08547170   55342.08547170   55342.08547170   55342.08547170
   55342.08547170   55342.08547170   55342.08547170   55342.08547170   55342.08547170   55342.08547170   55342.08547170   55342.08547170   55342.08547170   55342.08547170   55342.08547170   55342.08547170   55342.08547170   55342.08547170   55342.08547170   55342.08547170   55342.08547170   55342.08547170   55342.08547170   55342.08547170
   55342.08547170   55342.08547170   55342.08547170   55342.08547170   55342.08547170   55342.08547170   55342.08547170   55342.08547170   55342.08547170   55342.08547170   55342.08547170   55342.08547170   55342.08547170   55342.08547170   55342.08547170   55342.08547170   55342.08547170   55342.08547170   55342.08547170   55342.08547170
   55342.08547170   55342.08547170   55342.08547170   55342.08547170   55342.08547170   55342.08547170   55342.08547170   55342.08547170   55342.08547170   55342.08547170   55342.08547170   55342.08547170   55342.08547170   55342.08547170   55342.08547170   55342.08547170   55342.08547170   55342.08547170   55342.08547170   55342.08547170
   55342.08547170   55342.08547170   55342.08547170   55342.08547170   55342.08547170   55342.08547170   55342.08547170   55342.08547170   55342.08547170   55342.08547170   55342.08547170   55342.08547170   55342.08547170   55342.08547170   55342.08547170   55342.08547170   55342.08547170   55342.08547170   55342.08547170   55342.08547170
   55342.08547170   55342.08547170   55342.08547170   55342.08547170   55342.08547170   55342.08547170   55342.08547170   55342.08547170   55342.08547170   55342.08547170   55342.08547170   55342.08547170   55342.08547170   55342.08547170   55342.08547170   55342.08547170   55342.08547170   55342.08547170   55342.08547170   55342.08547170
   55342.08547170   55342.08547170   55342.08547170   55342.08547170   55342.08547170   55342.08547170   55342.08547170   55342.08547170   55342.08547170   55342.08547170   55342.08547170   55342.08547170   55342.08547170   55342.08547170   55342.08547170   55342.08547170   55342.08547170   55342.08547170   55342.08547170   55342.08547170
   55342.08547170   55342.08547170   55342.08547170   55342.08547170   55342.08547170   55342.08547170   55342.08547170   55342.08547170   55342.08547170   55342.08547170   55342.08547170   55342.08547170   55342.08547170   55342.08547170   55342.08547170   55342.08547170   55342.08547170   55342.08547170   55342.08547170   55342.08547170
   55342.08547170   55342.08547170   55342.08547170   55342.08547170   55342.08547170   55342.08547170   55342.08547170   55342.08547170   55342.08547170   55342.08547170   55342.08547170   55342.08547170   55342.08547170   55342.08547170   55342.08547170   55342.08547170   55342.08547170   55342.08547170   55342.08547170   55342.08547170
   55342.08547170   55342.08547170   55342.08547170   55342.08547170   55342.08547170   55342.08547170   55342.08547170   55342.08547170   55342.08547170   55342.08547170   55342.08547170   55342.08547170   55342.08547170   55342.08547170   55342.08547170   55342.08547170   55342.08547170   55342.08547170   55342.08547170   55342.08547170
   55342.08547170   55342.08547170   55342.08547170   55342.08547170   55342.08547170   55342.08547170   55342.08547170   55342.08547170   55342.08547170   55342.08547170   55342.08547170   55342.08547170   55342.08547170   55342.08547170   55342.08547170   55342.08547170   55342.08547170   55342.08547170   55342.08547170   55342.08547170
   55342.08547170   55342.08547170   55342.08547170   55342.08547170   55342.08547170   55342.08547170   55342.08547170   55342.08547170   55342.08547170   55342.08547170   55342.08547170   55342.08547170   55342.08547170   55342.08547170   55342.08547170   55342.08547170   55342.08547170   55342.08547170   55342.08547170   55342.08547170
   55342.08547170   55342.08547170   55342.08547170   55342.08547170   55342.08547170   55342.08547170   55342.08547170   55342.08547170   55342.08547170   55342.08547170   55342.08547170   55342.08547170   55342.08547170   55342.08547170   55342.08547170   55342.08547170   55342.08547170   55342.08547170   55342.08547170   55342.08547170
   55342.08547170   55342.08547170   55342.08547170   55342.08547170   55342.08547170   55342.08547170   55342.08547170   55342.08547170   55342.08547170   55342.08547170   55342.08547170   55342.08547170   55342.08547170   55342.08547170   55342.08547170   55342.08547170   55342.08547170   55342.08547170   55342.08547170   55342.08547170
   55342.08547170   55342.08547170   55342.08547170   55342.08547170   55342.08547170   55342.08547170   55342.08547170   55342.08547170   55342.08547170   55342.08547170   55342.08547170   55342.08547170   55342.08547170   55342.08547170   55342.08547170   55342.08547170   55342.08547170   55342.08547170   55342.08547170   55342.08547170
   55342.08547170   55342.08547170   55342.08547170   55342.08547170   55342.08547170   55342.08547170   55342.08547170   55342.08547170   55342.08547170   55342.08547170   55342.08547170   55342.08547170   55342.08547170   55342.08547170   55342.08547170   55342.08547170   55342.08547170   55342.08547170   55342.08547170   55342.08547170
   55342.08547170   55342.08547170   55342.08547170   55342.08547170   55342.08547170   55342.08547170   55342.08547170   55342.08547170   55342.08547170   55342.08547170   55342.08547170   55342.08547170   55342.08547170   55342.08547170   55342.08547170   55342.08547170   55342.08547170   55342.08547170   55342.08547170   55342.08547170
   55342.08547170   55342.08547170   55342.08547170   55342.08547170   55342.08547170   55342.08547170   55342.08547170   55342.08547170   55342.08547170   55342.08547170   55342.08547170   55342.08547170   55342.08547170   55342.08547170   55342.08547170   55342.08547170   55342.08547170   55342.08547170   55342.08547170   55342.08547170
   55342.08547170   55342.08547170   55342.08547170   55342.08547170   55342.08547170   55342.08547170   55342.08547170   55342.08547170   55342.08547170   55342.08547170   55342.08547170   55342.08547170   55342.08547170   55342.08547170   55342.08547170   55342.08547170   55342.08547170   55342.08547170   55342.08547170   55342.08547170
   55342.08547170   55342.08547170   55342.08547170   55342.08547170   55342.08547170   55342.08547170   55342.08547170   55342.08547170   55342.08547170   55342.08547170   55342.08547170   55342.08547170   55342.08547170   55342.08547170   55342.08547170   55342.08547170   55342.08547170   55342.08547170   55342.08547170   55342.08547170
   55342.08547170   55342.08547170   55342.08547170   55342.08547170   55342.08547170   55342.08547170   55342.08547170   55342.08547170   55342.08547170   55342.08547170   55342.08547170   55342.08547170   55342.08547170   55342.08547170   55342.08547170   55342.08547170   55342.08547170   55342.08547170   55342.08547170   55342.08547170
   55342.08547170   55342.08547170   55342.08547170   55342.08547170   55342.08547170   55342.08547170   55342.08547170   55342.08547170   55342.08547170   55342.08547170   55342.08547170   55342.08547170   55342.08547170   55342.08547170   55342.08547170   55342.08547170   55342.08547170   55342.08547170   55342.08547170   55342.08547170
   55342.08547170   55342.08547170   55342.08547170   55342.08547170   55342.08547170   55342.08547170   55342.08547170   55342.08547170
